0.0004,-0.007155
0.0006,-0.007155
0.0008,-0.007155
0.0010,-0.007155
0.0012,-0.007155
0.0014,-0.007155
0.0016,-0.007155
0.0019,-0.007155
0.0021,-0.007155
0.0023,-0.007155
0.0025,-0.007155
0.0027,-0.007155
0.0029,-0.007155
0.0031,-0.007155
0.0033,-0.007155
0.0035,-0.007155
0.0037,-0.007155
0.0039,-0.007155
0.0041,-0.007155
0.0042,-0.007155
0.0184,-0.007154
0.0191,-0.007154
0.0196,-0.007154
0.0199,-0.007155
0.0202,-0.007155
0.0204,-0.007155
0.0206,-0.007155
0.0208,-0.007155
0.0210,-0.007155
0.0212,-0.007155
0.0214,-0.007154
0.0216,-0.007155
0.0218,-0.007155
0.0219,-0.007155
0.0221,-0.007154
0.0223,-0.007154
0.0225,-0.007155
0.0227,-0.007155
0.0229,-0.007154
0.0231,-0.007154
0.0395,-0.007154
0.0897,-0.007154
0.1405,-0.007154
0.1905,-0.007154
0.2406,-0.007154
0.2912,-0.007154
0.3416,-0.007154
0.3916,-0.007154
0.4419,-0.007155
0.4922,-0.007155
0.5425,-0.007154
0.5929,-0.007154
0.6434,-0.007154
0.6936,-0.007154
0.7435,-0.007155
0.7938,-0.007155
0.8440,-0.007155
0.8945,-0.007155
0.9446,-0.007155
0.9950,-0.007155
1.0453,-0.007155
1.0956,-0.007155
1.1457,-0.007155
1.1959,-0.007155
1.2464,-0.007155
1.2968,-0.007155
1.3469,-0.007155
1.3972,-0.007155
1.4474,-0.007155
1.4979,-0.007155
1.5480,-0.007154
1.5985,-0.007155
1.6490,-0.007155
1.6988,-0.007155
1.7493,-0.007154
1.7995,-0.007154
1.8499,-0.007155
1.9003,-0.007155
1.9502,-0.007154
2.0008,-0.007154
2.0511,-0.007154
2.1014,-0.007154
2.1513,-0.007155
2.2019,-0.007155
2.2519,-0.007155
2.3024,-0.007154
2.3524,-0.007154
2.4031,-0.007154
2.4535,-0.007154
2.5033,-0.007154
2.5536,-0.007154
2.6039,-0.007154
2.6541,-0.007154
2.7044,-0.007154
2.7547,-0.007155
2.8050,-0.007155
2.8552,-0.007155
2.9056,-0.007154
2.9560,-0.007154
3.0063,-0.007154
3.0565,-0.007155
3.1067,-0.007155
3.1570,-0.007154
3.2073,-0.007154
3.2575,-0.007154
3.3082,-0.007155
3.3581,-0.007154
3.4085,-0.007154
3.4587,-0.007154
3.5094,-0.007154
3.5592,-0.007154
3.6098,-0.007154
3.6600,-0.007155
3.7102,-0.007155
3.7603,-0.007155
3.8106,-0.007155
3.8608,-0.007154
3.9112,-0.007154
3.9614,-0.007155
4.0119,-0.007155
4.0622,-0.007155
4.1124,-0.007155
4.1625,-0.007154
4.2129,-0.007154
4.2632,-0.007154
4.3138,-0.007154
4.3638,-0.007155
4.4141,-0.007155
4.4645,-0.007155
4.5147,-0.007155
4.5649,-0.007155
4.6152,-0.007155
4.6655,-0.007154
4.7156,-0.007154
4.7662,-0.007154
4.8161,-0.007154
4.8664,-0.007154
4.9169,-0.007154
4.9670,-0.007154
5.0174,-0.007154
5.0678,-0.007154
5.1179,-0.007154
5.1686,-0.007154
5.2185,-0.007154
5.2689,-0.007155
5.3194,-0.007155
5.3701,-0.007154
5.4197,-0.007155
5.4700,-0.007154
5.5205,-0.007154
5.5708,-0.007154
5.6208,-0.007154
5.6709,-0.007154
5.7213,-0.007154
5.7718,-0.007155
5.8220,-0.007155
5.8722,-0.007155
5.9228,-0.007154
5.9731,-0.007154
6.0232,-0.007155
6.0735,-0.007155
6.1234,-0.007155
6.1739,-0.007155
6.2251,-0.007155
6.2743,-0.007155
6.3247,-0.007155
6.3752,-0.007154
6.4256,-0.007154
6.4757,-0.007155
6.5258,-0.007155
6.5761,-0.007155
6.6264,-0.007155
6.6768,-0.007154
6.7268,-0.007154
6.7771,-0.007155
6.8276,-0.007155
6.8776,-0.007155
6.9281,-0.007155
6.9784,-0.007155
7.0288,-0.007155
7.0788,-0.007154
7.1291,-0.007155
7.1794,-0.007155
7.2297,-0.007155
7.2799,-0.007155
7.3304,-0.007155
7.3805,-0.007155
7.4308,-0.007155
7.4813,-0.007155
7.5314,-0.007155
7.5816,-0.007155
7.6319,-0.007155
7.6821,-0.007154
7.7326,-0.007154
7.7828,-0.007154
7.8332,-0.007155
7.8835,-0.007155
7.9337,-0.007155
7.9842,-0.007155
8.0342,-0.007154
8.0845,-0.007154
8.1347,-0.007154
8.1853,-0.007154
8.2353,-0.007154
8.2857,-0.007155
8.3358,-0.007155
8.3866,-0.007154
8.4365,-0.007154
8.4871,-0.007154
8.5370,-0.007155
8.5876,-0.007155
8.6375,-0.007155
8.6878,-0.007155
8.7380,-0.007155
8.7884,-0.007155
8.8387,-0.007155
8.8890,-0.007155
8.9392,-0.007155
8.9897,-0.007155
9.0400,-0.007155
9.0900,-0.007155
9.1403,-0.007155
9.1909,-0.007154
9.2409,-0.007154
9.2916,-0.007154
9.3420,-0.007154
9.3925,-0.007154
9.4421,-0.007154
9.4922,-0.007154
9.5426,-0.007154
9.5929,-0.007154
9.6431,-0.007154
9.6933,-0.007155
9.7438,-0.007155
9.7941,-0.007155
9.8445,-0.007155
9.8945,-0.007155
9.9452,-0.007155
9.9951,-0.007155
10.0458,-0.007155
10.0956,-0.007155
10.1460,-0.007154
10.1962,-0.007154
10.2465,-0.007154
10.2968,-0.007154
10.3472,-0.007154
10.3973,-0.007154
10.4476,-0.007154
10.4979,-0.007154
10.5482,-0.007154
10.5986,-0.007154
10.6490,-0.007154
10.6996,-0.007155
10.7494,-0.007155
10.7998,-0.007155
10.8499,-0.007155
10.9005,-0.007155
10.9509,-0.007155
11.0011,-0.007155
11.0512,-0.007155
11.1017,-0.007155
11.1517,-0.007155
11.2018,-0.007154
11.2525,-0.007154
11.3023,-0.007155
11.3526,-0.007155
11.4033,-0.007155
11.4533,-0.007155
11.5037,-0.007155
11.5539,-0.007155
11.6045,-0.007155
11.6546,-0.007155
11.7050,-0.007154
11.7554,-0.007154
11.8053,-0.007155
11.8557,-0.007155
11.9059,-0.007155
11.9567,-0.007155
12.0064,-0.007155
12.0569,-0.007155
12.1073,-0.007155
12.1576,-0.007155
12.2075,-0.007155
12.2579,-0.007155
12.3082,-0.007155
12.3586,-0.007155
12.4086,-0.007155
12.4591,-0.007155
12.5092,-0.007155
12.5596,-0.007155
12.6098,-0.007155
12.6599,-0.007155
12.7103,-0.007155
12.7608,-0.007155
12.8111,-0.007155
12.8611,-0.007154
12.9114,-0.007154
12.9616,-0.007155
13.0120,-0.007154
13.0622,-0.007154
13.1125,-0.007154
13.1629,-0.007154
13.2131,-0.007154
13.2636,-0.007154
13.3139,-0.007155
13.3644,-0.007155
13.4142,-0.007154
13.4645,-0.007154
13.5152,-0.007155
13.5651,-0.007155
13.6157,-0.007155
13.6659,-0.007155
13.7158,-0.007155
13.7663,-0.007155
13.8166,-0.007154
13.8667,-0.007154
13.9171,-0.007155
13.9675,-0.007155
14.0180,-0.007155
14.0682,-0.007154
14.1181,-0.007154
14.1684,-0.007155
14.2188,-0.007155
14.2691,-0.007155
14.3192,-0.007154
14.3696,-0.007154
14.4200,-0.007154
14.4702,-0.007155
14.5203,-0.007154
14.5706,-0.007155
14.6213,-0.007155
14.6713,-0.007155
14.7216,-0.007155
14.7718,-0.007155
14.8222,-0.007155
14.8735,-0.007155
14.9236,-0.007154
14.9730,-0.007154
15.0233,-0.007154
15.0740,-0.007154
15.1241,-0.007154
15.1744,-0.007155
15.2243,-0.007155
15.2748,-0.007155
15.3249,-0.007155
15.3752,-0.007155
15.4256,-0.007155
15.4757,-0.007155
15.5260,-0.007155
15.5762,-0.007154
15.6266,-0.007154
15.6769,-0.007155
15.7272,-0.007155
15.7775,-0.007155
15.8278,-0.007155
15.8783,-0.007155
15.9286,-0.007155
15.9789,-0.007155
16.0293,-0.007155
16.0791,-0.007155
16.1295,-0.007154
16.1796,-0.007154
16.2300,-0.007154
16.2806,-0.007155
16.3306,-0.007155
16.3812,-0.007155
16.4314,-0.007155
16.4814,-0.007155
16.5320,-0.007154
16.5819,-0.007154
16.6325,-0.007155
16.6828,-0.007155
16.7329,-0.007154
16.7831,-0.007154
16.8332,-0.007154
16.8839,-0.007155
16.9343,-0.007155
16.9841,-0.007155
17.0345,-0.007155
17.0847,-0.007155
17.1350,-0.007155
17.1853,-0.007155
17.2355,-0.007155
17.2859,-0.007155
17.3360,-0.007155
17.3863,-0.007155
17.4371,-0.007155
17.4873,-0.007155
17.5377,-0.007155
17.5875,-0.007155
17.6383,-0.007155
17.6882,-0.007155
17.7393,-0.007155
17.7890,-0.007155
17.8395,-0.007155
17.8897,-0.007155
17.9398,-0.007155
17.9899,-0.007155
18.0402,-0.007155
18.0905,-0.007155
18.1406,-0.007155
18.1910,-0.007155
18.2413,-0.007155
18.2917,-0.007155
18.3420,-0.007155
18.3922,-0.007155
18.4424,-0.007155
18.4928,-0.007155
18.5429,-0.007155
18.5933,-0.007155
18.6435,-0.007155
18.6938,-0.007155
18.7442,-0.007155
18.7942,-0.007155
18.8446,-0.007155
18.8951,-0.007155
18.9455,-0.007155
18.9957,-0.007154
19.0460,-0.007155
19.0959,-0.007155
19.1462,-0.007155
19.1965,-0.007155
19.2473,-0.007155
19.2971,-0.007155
19.3473,-0.007155
19.3977,-0.007155
19.4483,-0.007155
19.4982,-0.007155
19.5485,-0.007155
19.5991,-0.007155
19.6490,-0.007155
19.6992,-0.007155
19.7495,-0.007155
19.8000,-0.007155
19.8502,-0.007155
19.9005,-0.007154
19.9508,-0.007155
20.0011,-0.007155
20.0516,-0.007155
20.1019,-0.007155
20.1522,-0.007155
20.2024,-0.007155
20.2528,-0.007155
20.3028,-0.007155
20.3530,-0.007155
20.4036,-0.007155
20.4539,-0.007155
20.5038,-0.007155
20.5541,-0.007155
20.6046,-0.007154
20.6549,-0.007155
20.7053,-0.007155
20.7552,-0.007155
20.8055,-0.007155
20.8559,-0.007155
20.9062,-0.007155
20.9564,-0.007155
21.0067,-0.007154
21.0570,-0.007155
21.1073,-0.007155
21.1575,-0.007155
21.2077,-0.007154
21.2580,-0.007154
21.3084,-0.007155
21.3586,-0.007154
21.4089,-0.007155
21.4592,-0.007155
21.5093,-0.007155
21.5597,-0.007155
21.6100,-0.007155
21.6604,-0.007155
21.7105,-0.007155
21.7608,-0.007155
21.8110,-0.007155
21.8613,-0.007155
21.9119,-0.007155
21.9621,-0.007155
22.0126,-0.007155
22.0624,-0.007155
22.1128,-0.007155
22.1631,-0.007155
22.2133,-0.007155
22.2640,-0.007155
22.3139,-0.007155
22.3645,-0.007155
22.4150,-0.007155
22.4651,-0.007155
22.5151,-0.007155
22.5653,-0.007155
22.6160,-0.007155
22.6663,-0.007155
22.7163,-0.007155
22.7665,-0.007155
22.8167,-0.007154
22.8671,-0.007155
22.9178,-0.007155
22.9675,-0.007155
23.0179,-0.007155
23.0682,-0.007155
23.1184,-0.007155
23.1689,-0.007154
23.2189,-0.007154
23.2697,-0.007155
23.3195,-0.007155
23.3702,-0.007155
23.4200,-0.007155
23.4704,-0.007155
23.5214,-0.007155
23.5717,-0.007155
23.6214,-0.007155
23.6718,-0.007155
23.7221,-0.007155
23.7722,-0.007155
23.8224,-0.007155
23.8726,-0.007155
23.9230,-0.007155
23.9732,-0.007155
24.0236,-0.007155
24.0738,-0.007155
24.1240,-0.007155
24.1744,-0.007155
24.2247,-0.007155
24.2749,-0.007154
24.3253,-0.007154
24.3755,-0.007154
24.4258,-0.007155
24.4763,-0.007155
24.5262,-0.007155
24.5765,-0.007155
24.6268,-0.007155
24.6770,-0.007155
24.7278,-0.007155
24.7776,-0.007155
24.8278,-0.007154
24.8782,-0.007154
24.9285,-0.007154
24.9788,-0.007154
25.0291,-0.007154
25.0793,-0.007155
25.1301,-0.007155
25.1801,-0.007155
25.2303,-0.007155
25.2808,-0.007154
25.3308,-0.007154
25.3814,-0.007155
25.4318,-0.007155
25.4816,-0.007155
25.5319,-0.007154
25.5825,-0.007155
25.6325,-0.007155
25.6828,-0.007155
25.7330,-0.007155
25.7832,-0.007155
25.8336,-0.007155
25.8838,-0.007155
25.9342,-0.007155
25.9844,-0.007155
26.0347,-0.007155
26.0849,-0.007155
26.1351,-0.007155
26.1854,-0.007155
26.2359,-0.007155
26.2861,-0.007155
26.3364,-0.007155
26.3866,-0.007155
26.4370,-0.007155
26.4873,-0.007155
26.5379,-0.007155
26.5879,-0.007155
26.6380,-0.007155
26.6884,-0.007155
26.7386,-0.007155
26.7888,-0.007155
26.8395,-0.007155
26.8894,-0.007155
26.9399,-0.007154
26.9903,-0.007155
27.0402,-0.007155
27.0906,-0.007155
27.1411,-0.007155
27.1913,-0.007155
27.2413,-0.007155
27.2919,-0.007155
27.3418,-0.007155
27.3924,-0.007155
27.4424,-0.007155
27.4932,-0.007155
27.5431,-0.007155
27.5937,-0.007155
27.6436,-0.007155
27.6940,-0.007155
27.7446,-0.007154
27.7949,-0.007155
27.8453,-0.007155
27.8950,-0.007155
27.9457,-0.007154
27.9956,-0.007154
28.0459,-0.007154
28.0966,-0.007154
28.1464,-0.007154
28.1968,-0.007155
28.2470,-0.007155
28.2975,-0.007155
28.3479,-0.007155
28.3982,-0.007155
28.4483,-0.007155
28.4985,-0.007155
28.5488,-0.007154
28.5994,-0.007154
28.6492,-0.007154
28.6996,-0.007154
28.7499,-0.007154
28.8005,-0.007154
28.8504,-0.007154
28.9008,-0.007154
28.9514,-0.007154
29.0013,-0.007155
29.0517,-0.007155
29.1022,-0.007155
29.1522,-0.007155
29.2030,-0.007155
29.2526,-0.007154
29.3034,-0.007155
29.3538,-0.007155
29.4041,-0.007155
29.4539,-0.007155
29.5042,-0.007154
29.5545,-0.007155
29.6050,-0.007155
29.6551,-0.007155
29.7051,-0.007155
29.7556,-0.007155
29.8060,-0.007155
29.8560,-0.007155
29.9062,-0.007155
29.9567,-0.007155
30.0069,-0.007154
30.0571,-0.007154
30.1074,-0.007154
30.1576,-0.007155
30.2078,-0.007155
30.2583,-0.007155
30.3089,-0.007155
30.3589,-0.007155
30.4092,-0.007155
30.4598,-0.007155
30.5097,-0.007155
30.5600,-0.007155
30.6103,-0.007155
30.6608,-0.007155
30.7109,-0.007155
30.7613,-0.007155
30.8117,-0.007155
30.8617,-0.007155
30.9120,-0.007155
30.9625,-0.007155
31.0128,-0.007155
31.0628,-0.007155
31.1135,-0.007155
31.1633,-0.007155
31.2136,-0.007155
31.2638,-0.007155
31.3142,-0.007155
31.3649,-0.007155
31.4147,-0.007155
31.4649,-0.007155
31.5153,-0.007155
31.5655,-0.007155
31.6158,-0.007155
31.6661,-0.007155
31.7165,-0.007155
31.7666,-0.007155
31.8170,-0.007155
31.8676,-0.007155
31.9178,-0.007155
31.9679,-0.007155
32.0184,-0.007155
32.0692,-0.007155
32.1187,-0.007155
32.1694,-0.007155
32.2194,-0.007155
32.2698,-0.007155
32.3201,-0.007155
32.3705,-0.007155
32.4211,-0.007154
32.4707,-0.007154
32.5214,-0.007155
32.5711,-0.007155
32.6214,-0.007155
32.6717,-0.007155
32.7220,-0.007154
32.7724,-0.007154
32.8225,-0.007154
32.8730,-0.007154
32.9232,-0.007155
32.9734,-0.007155
33.0238,-0.007155
33.0739,-0.007155
33.1242,-0.007154
33.1745,-0.007155
33.2249,-0.007155
33.2751,-0.007155
33.3254,-0.007155
33.3760,-0.007155
33.4260,-0.007155
33.4763,-0.007155
33.5265,-0.007155
33.5771,-0.007155
33.6271,-0.007155
33.6774,-0.007155
33.7280,-0.007155
33.7780,-0.007155
33.8281,-0.007155
33.8784,-0.007155
33.9287,-0.007155
33.9791,-0.007154
34.0295,-0.007154
34.0797,-0.007155
34.1298,-0.007155
34.1801,-0.007155
34.2305,-0.007155
34.2808,-0.007155
34.3316,-0.007154
34.3814,-0.007154
34.4320,-0.007155
34.4819,-0.007155
34.5322,-0.007155
34.5828,-0.007154
34.6327,-0.007155
34.6833,-0.007155
34.7336,-0.007155
34.7839,-0.007155
34.8342,-0.007154
34.8841,-0.007154
34.9344,-0.007154
34.9851,-0.007154
35.0355,-0.007155
35.0861,-0.007155
35.1356,-0.007155
35.1861,-0.007155
35.2372,-0.007154
35.2865,-0.007154
35.3367,-0.007154
35.3869,-0.007154
35.4372,-0.007155
35.4876,-0.007155
35.5377,-0.007155
35.5880,-0.007155
35.6384,-0.007155
35.6887,-0.007155
35.7390,-0.007155
35.7891,-0.007155
35.8395,-0.007155
35.8898,-0.007155
35.9399,-0.007155
35.9903,-0.007155
36.0405,-0.007155
36.0911,-0.007155
36.1414,-0.007155
36.1918,-0.007155
36.2420,-0.007155
36.2920,-0.007155
36.3426,-0.007155
36.3926,-0.007155
36.4427,-0.007155
36.4934,-0.007155
36.5437,-0.007155
36.5939,-0.007155
36.6439,-0.007155
36.6945,-0.007155
36.7443,-0.007155
36.7948,-0.007155
36.8450,-0.007155
36.8952,-0.007155
36.9455,-0.007155
36.9960,-0.007155
37.0464,-0.007155
37.0968,-0.007155
37.1471,-0.007155
37.1973,-0.007155
37.2477,-0.007155
37.2975,-0.007155
37.3481,-0.007155
37.3984,-0.007155
37.4488,-0.007155
37.4991,-0.007155
37.5489,-0.007155
37.5992,-0.007155
37.6496,-0.007155
37.7002,-0.007155
37.7501,-0.007155
37.8007,-0.007155
37.8506,-0.007155
37.9010,-0.007155
37.9512,-0.007155
38.0019,-0.007155
38.0518,-0.007155
38.1022,-0.007155
38.1523,-0.007155
38.2026,-0.007155
38.2529,-0.007155
38.3032,-0.007155
38.3533,-0.007155
38.4036,-0.007155
38.4540,-0.007155
38.5043,-0.007154
38.5548,-0.007155
38.6050,-0.007155
38.6551,-0.007155
38.7055,-0.007155
38.7559,-0.007155
38.8062,-0.007155
38.8565,-0.007155
38.9065,-0.007155
38.9568,-0.007155
39.0072,-0.007155
39.0576,-0.007155
39.1079,-0.007155
39.1582,-0.007155
39.2082,-0.007155
39.2584,-0.007155
39.3088,-0.007155
39.3589,-0.007155
39.4092,-0.007155
39.4596,-0.007155
39.5098,-0.007155
39.5601,-0.007155
39.6103,-0.007155
39.6608,-0.007155
39.7110,-0.007155
39.7612,-0.007154
39.8116,-0.007155
39.8621,-0.007155
39.9126,-0.007155
39.9628,-0.007155
40.0129,-0.007155
40.0632,-0.007155
40.1136,-0.007155
40.1635,-0.007155
40.2141,-0.007155
40.2640,-0.007155
40.3145,-0.007155
40.3648,-0.007155
40.4149,-0.007155
40.4652,-0.007155
40.5154,-0.007155
40.5659,-0.007155
40.6165,-0.007154
40.6664,-0.007155
40.7166,-0.007155
40.7669,-0.007155
40.8174,-0.007155
40.8677,-0.007155
40.9185,-0.007155
40.9681,-0.007155
41.0182,-0.007155
41.0685,-0.007155
41.1189,-0.007155
41.1690,-0.007155
41.2195,-0.007155
41.2697,-0.007155
41.3198,-0.007155
41.3701,-0.007155
41.4204,-0.007155
41.4708,-0.007155
41.5209,-0.007154
41.5713,-0.007154
41.6217,-0.007154
41.6719,-0.007155
41.7224,-0.007155
41.7735,-0.007155
41.8230,-0.007155
41.8730,-0.007155
41.9238,-0.007155
41.9735,-0.007155
42.0242,-0.007155
42.0741,-0.007155
42.1243,-0.007155
42.1746,-0.007154
42.2249,-0.007155
42.2753,-0.007155
42.3255,-0.007155
42.3759,-0.007155
42.4260,-0.007155
42.4763,-0.007155
42.5265,-0.007155
42.5769,-0.007154
42.6273,-0.007154
42.6774,-0.007155
42.7277,-0.007155
42.7786,-0.007155
42.8286,-0.007155
42.8789,-0.007155
42.9289,-0.007155
42.9797,-0.007155
43.0299,-0.007155
43.0801,-0.007155
43.1300,-0.007155
43.1806,-0.007155
43.2306,-0.007155
43.2809,-0.007155
43.3311,-0.007155
43.3819,-0.007155
43.4320,-0.007155
43.4823,-0.007155
43.5326,-0.007155
43.5826,-0.007155
43.6339,-0.007155
43.6835,-0.007155
43.7335,-0.007154
43.7840,-0.007155
43.8342,-0.007155
43.8843,-0.007155
43.9347,-0.007155
43.9848,-0.007155
44.0352,-0.007155
44.0853,-0.007155
44.1355,-0.007155
44.1859,-0.007155
44.2364,-0.007155
44.2865,-0.007155
44.3367,-0.007155
44.3870,-0.007155
44.4373,-0.007154
44.4876,-0.007155
44.5379,-0.007155
44.5881,-0.007155
44.6385,-0.007155
44.6888,-0.007155
44.7389,-0.007155
44.7893,-0.007155
44.8396,-0.007155
44.8898,-0.007155
44.9400,-0.007155
44.9904,-0.007155
45.0410,-0.007155
45.0914,-0.007155
45.1416,-0.007155
45.1915,-0.007155
45.2419,-0.007155
45.2924,-0.007155
45.3423,-0.007155
45.3927,-0.007155
45.4432,-0.007154
45.4933,-0.007154
45.5439,-0.007154
45.5937,-0.007154
45.6440,-0.007155
45.6942,-0.007155
45.7449,-0.007155
45.7952,-0.007155
45.8455,-0.007155
45.8955,-0.007155
45.9460,-0.007155
45.9960,-0.007155
46.0465,-0.007155
46.0965,-0.007155
46.1472,-0.007155
46.1974,-0.007156
46.2477,-0.007155
46.2978,-0.007155
46.3479,-0.007155
46.3987,-0.007155
46.4485,-0.007155
46.4992,-0.007155
46.5493,-0.007155
46.5998,-0.007155
46.6502,-0.007155
46.7005,-0.007155
46.7503,-0.007155
46.8005,-0.007155
46.8510,-0.007155
46.9009,-0.007155
46.9513,-0.007155
47.0018,-0.007155
47.0520,-0.007155
47.1023,-0.007155
47.1526,-0.007155
47.2028,-0.007155
47.2531,-0.007155
47.3033,-0.007155
47.3536,-0.007155
47.4037,-0.007155
47.4540,-0.007155
47.5043,-0.007154
47.5548,-0.007154
47.6048,-0.007154
47.6553,-0.007155
47.7059,-0.007155
47.7560,-0.007155
47.8064,-0.007155
47.8562,-0.007155
47.9066,-0.007155
47.9569,-0.007155
48.0072,-0.007155
48.0574,-0.007155
48.1077,-0.007155
48.1584,-0.007155
48.2084,-0.007155
48.2586,-0.007155
48.3093,-0.007155
48.3591,-0.007155
48.4094,-0.007155
48.4598,-0.007155
48.5100,-0.007155
48.5603,-0.007155
48.6106,-0.007155
48.6612,-0.007155
48.7111,-0.007155
48.7614,-0.007155
48.8120,-0.007155
48.8619,-0.007155
48.9126,-0.007155
48.9629,-0.007155
49.0128,-0.007155
49.0632,-0.007155
49.1137,-0.007155
49.1640,-0.007155
49.2143,-0.007155
49.2642,-0.007155
49.3149,-0.007155
49.3649,-0.007155
49.4156,-0.007155
49.4657,-0.007155
49.5163,-0.007155
49.5664,-0.007155
49.6164,-0.007155
49.6665,-0.007155
49.7170,-0.007155
49.7672,-0.007155
49.8176,-0.007155
49.8676,-0.007155
49.9179,-0.007155
49.9683,-0.007155
50.0186,-0.007155
50.0688,-0.007155
50.1191,-0.007155
50.1693,-0.007154
50.2197,-0.007155
50.2698,-0.007155
50.3203,-0.007155
50.3704,-0.007155
50.4208,-0.007155
50.4712,-0.007155
50.5214,-0.007155
50.5716,-0.007155
50.6217,-0.007155
50.6721,-0.007155
50.7222,-0.007155
50.7726,-0.007155
50.8228,-0.007155
50.8732,-0.007155
50.9237,-0.007155
50.9737,-0.007155
51.0239,-0.007155
51.0744,-0.007155
51.1247,-0.007155
51.1748,-0.007155
51.2251,-0.007155
51.2755,-0.007155
51.3257,-0.007155
51.3760,-0.007155
51.4262,-0.007155
51.4767,-0.007155
51.5268,-0.007155
51.5775,-0.007155
51.6274,-0.007155
51.6778,-0.007155
51.7279,-0.007155
51.7786,-0.007155
51.8289,-0.007155
51.8787,-0.007155
51.9293,-0.007155
51.9793,-0.007155
52.0298,-0.007155
52.0799,-0.007155
52.1302,-0.007155
52.1810,-0.007155
52.2310,-0.007155
52.2821,-0.007155
52.3317,-0.007155
52.3816,-0.007155
52.4319,-0.007155
52.4822,-0.007155
52.5328,-0.007155
52.5829,-0.007155
52.6331,-0.007155
52.6835,-0.007155
52.7336,-0.007155
52.7838,-0.007155
52.8342,-0.007155
52.8844,-0.007155
52.9349,-0.007155
52.9850,-0.007155
53.0353,-0.007155
53.0858,-0.007155
53.1359,-0.007155
53.1862,-0.007155
53.2368,-0.007155
53.2868,-0.007155
53.3370,-0.007155
53.3872,-0.007155
53.4378,-0.007155
53.4877,-0.007155
53.5385,-0.007155
53.5887,-0.007155
53.6390,-0.007155
53.6889,-0.007155
53.7392,-0.007155
53.7896,-0.007155
53.8399,-0.007155
53.8900,-0.007155
53.9403,-0.007155
53.9909,-0.007156
54.0409,-0.007155
54.0915,-0.007155
54.1416,-0.007155
54.1918,-0.007155
54.2420,-0.007155
54.2924,-0.007155
54.3427,-0.007155
54.3929,-0.007155
54.4434,-0.007155
54.4937,-0.007155
54.5440,-0.007155
54.5941,-0.007155
54.6446,-0.007155
54.6950,-0.007155
54.7449,-0.007155
54.7951,-0.007155
54.8458,-0.007155
54.8957,-0.007155
54.9463,-0.007155
54.9965,-0.007155
55.0465,-0.007155
55.0975,-0.007155
55.1470,-0.007155
55.1973,-0.007155
55.2477,-0.007155
55.2980,-0.007155
55.3482,-0.007155
55.3987,-0.007155
55.4489,-0.007155
55.4991,-0.007155
55.5493,-0.007155
55.5999,-0.007155
55.6499,-0.007155
55.7001,-0.007155
55.7504,-0.007155
55.8007,-0.007155
55.8510,-0.007155
55.9014,-0.007155
55.9515,-0.007155
56.0017,-0.007155
56.0521,-0.007155
56.1026,-0.007155
56.1530,-0.007155
56.2033,-0.007155
56.2531,-0.007155
56.3035,-0.007155
56.3542,-0.007155
56.4041,-0.007155
56.4544,-0.007155
56.5050,-0.007155
56.5554,-0.007155
56.6053,-0.007154
56.6554,-0.007155
56.7059,-0.007155
56.7564,-0.007155
56.8068,-0.007156
56.8565,-0.007155
56.9068,-0.007155
56.9572,-0.007155
57.0075,-0.007155
57.0577,-0.007155
57.1080,-0.007155
57.1582,-0.007155
57.2089,-0.007154
57.2592,-0.007155
57.3092,-0.007155
57.3594,-0.007155
57.4097,-0.007155
57.4601,-0.007155
57.5103,-0.007155
57.5608,-0.007155
57.6111,-0.007155
57.6615,-0.007155
57.7117,-0.007155
57.7620,-0.007155
57.8122,-0.007155
57.8626,-0.007155
57.9125,-0.007155
57.9632,-0.007155
58.0129,-0.007155
58.0634,-0.007155
58.1138,-0.007155
58.1640,-0.007155
58.2142,-0.007155
58.2648,-0.007155
58.3149,-0.007155
58.3651,-0.007155
58.4153,-0.007155
58.4656,-0.007155
58.5160,-0.007155
58.5661,-0.007155
58.6165,-0.007155
58.6669,-0.007155
58.7171,-0.007155
58.7674,-0.007155
58.8178,-0.007155
58.8678,-0.007155
58.9180,-0.007155
58.9684,-0.007155
59.0188,-0.007156
59.0690,-0.007155
59.1194,-0.007155
59.1696,-0.007156
59.2201,-0.007156
59.2702,-0.007155
59.3204,-0.007155
59.3707,-0.007155
59.4208,-0.007155
59.4712,-0.007155
59.5214,-0.007155
59.5719,-0.007155
59.6224,-0.007154
59.6728,-0.007155
59.7225,-0.007155
59.7731,-0.007155
59.8234,-0.007155
59.8738,-0.007155
59.9241,-0.007155
59.9744,-0.007155
60.0248,-0.007155