Sample Number,Time (s),TIVA Raw,TIVA Filtered,TIVA Temp
0.0003,-0.007212
0.0006,-0.007212
0.0008,-0.0072109999999999995
0.0010,-0.0072109999999999995
0.0012,-0.0072109999999999995
0.0014,-0.0072109999999999995
0.0017,-0.0072109999999999995
0.0019,-0.0072109999999999995
0.0021,-0.0072109999999999995
0.0023,-0.007212
0.0025,-0.007212
0.0027,-0.0072109999999999995
0.0029,-0.0072109999999999995
0.0031,-0.007212
0.0033,-0.007212
0.0034,-0.007212
0.0036,-0.007212
0.0038,-0.007213
0.0040,-0.007213999999999999
0.0042,-0.007213999999999999
0.0066,-0.007213
0.0072,-0.007212
0.0076,-0.0072109999999999995
0.0080,-0.007209999999999999
0.0084,-0.007209999999999999
0.0088,-0.0072109999999999995
0.0092,-0.0072109999999999995
0.0096,-0.0072109999999999995
0.0100,-0.0072109999999999995
0.0104,-0.007209999999999999
0.0107,-0.0072109999999999995
0.0113,-0.007209999999999999
0.0117,-0.007209999999999999
0.0123,-0.007209999999999999
0.0129,-0.007209999999999999
0.0132,-0.007209999999999999
0.0135,-0.007209999999999999
0.0139,-0.007209999999999999
0.0142,-0.007209999999999999
0.0145,-0.007209999999999999
0.0296,-0.007209
0.0798,-0.007209
0.1300,-0.007209
0.1803,-0.007209
0.2306,-0.007209999999999999
0.2812,-0.007209
0.3312,-0.007209
0.3816,-0.007209
0.4317,-0.007209
0.4821,-0.007209999999999999
0.5325,-0.0072109999999999995
0.5827,-0.007208
0.6329,-0.007207
0.6833,-0.007208
0.7334,-0.007208
0.7837,-0.007209999999999999
0.8341,-0.0072109999999999995
0.8842,-0.007209999999999999
0.9345,-0.007207
0.9849,-0.007207
1.0351,-0.007209
1.0857,-0.007209
1.1356,-0.007208
1.1860,-0.007208
1.2362,-0.007208
1.2864,-0.007209
1.3367,-0.007209
1.3870,-0.007208
1.4375,-0.007208
1.4878,-0.007209
1.5382,-0.007209999999999999
1.5882,-0.007209999999999999
1.6385,-0.007209
1.6887,-0.007209
1.7390,-0.007209
1.7893,-0.007209
1.8395,-0.007208
1.8902,-0.007208
1.9406,-0.007208
1.9905,-0.007208
2.0411,-0.007208
2.0910,-0.007208
2.1414,-0.007208
2.1915,-0.007208
2.2418,-0.007208
2.2925,-0.007208
2.3427,-0.007208
2.3930,-0.007207
2.4433,-0.007207
2.4937,-0.007207
2.5442,-0.007207
2.5938,-0.007207
2.6442,-0.007207
2.6945,-0.007207
2.7448,-0.007207
2.7950,-0.007207
2.8452,-0.007207
2.8954,-0.007207
2.9457,-0.007207
2.9960,-0.007207
3.0462,-0.007207
3.0966,-0.007207
3.1469,-0.007207
3.1970,-0.007207
3.2474,-0.007207
3.2977,-0.007207
3.3481,-0.007207
3.3983,-0.007207
3.4485,-0.007207
3.4989,-0.007207
3.5491,-0.007207
3.5994,-0.007207
3.6497,-0.007208
3.7000,-0.007207
3.7501,-0.007207
3.8005,-0.007207
3.8507,-0.007207
3.9010,-0.007207
3.9513,-0.007206
4.0017,-0.007206
4.0520,-0.007206
4.1022,-0.007206
4.1528,-0.007206
4.2028,-0.007206
4.2529,-0.007206
4.3037,-0.007206
4.3539,-0.007206
4.4041,-0.007206
4.4541,-0.007206
4.5048,-0.007206
4.5547,-0.007206
4.6051,-0.007206
4.6556,-0.007206
4.7055,-0.007206
4.7557,-0.007206
4.8060,-0.007205
4.8567,-0.007205
4.9066,-0.0072039999999999995
4.9572,-0.0072039999999999995
5.0072,-0.007203
5.0573,-0.0072039999999999995
5.1077,-0.007205
5.1581,-0.007207
5.2084,-0.007208
5.2585,-0.007207
5.3089,-0.007206
5.3591,-0.007206
5.4098,-0.007205
5.4598,-0.007205
5.5101,-0.0072039999999999995
5.5603,-0.007205
5.6106,-0.007205
5.6608,-0.007205
5.7113,-0.007205
5.7614,-0.007205
5.8117,-0.007205
5.8619,-0.007205
5.9124,-0.007205
5.9627,-0.007205
6.0128,-0.007205
6.0631,-0.007205
6.1134,-0.0072039999999999995
6.1637,-0.0072039999999999995
6.2139,-0.007205
6.2641,-0.0072039999999999995
6.3143,-0.0072039999999999995
6.3647,-0.0072039999999999995
6.4150,-0.0072039999999999995
6.4653,-0.0072039999999999995
6.5155,-0.007205
6.5658,-0.007205
6.6161,-0.0072039999999999995
6.6664,-0.0072039999999999995
6.7167,-0.0072039999999999995
6.7672,-0.0072039999999999995
6.8172,-0.0072039999999999995
6.8677,-0.0072039999999999995
6.9181,-0.0072039999999999995
6.9681,-0.0072039999999999995
7.0188,-0.0072039999999999995
7.0688,-0.0072039999999999995
7.1189,-0.0072039999999999995
7.1695,-0.0072039999999999995
7.2195,-0.0072039999999999995
7.2701,-0.007203
7.3200,-0.007203
7.3707,-0.007203
7.4206,-0.007203
7.4712,-0.007203
7.5215,-0.007203
7.5718,-0.0072039999999999995
7.6223,-0.0072039999999999995
7.6720,-0.0072039999999999995
7.7226,-0.0072039999999999995
7.7725,-0.007203
7.8228,-0.007203
7.8734,-0.007203
7.9235,-0.007203
7.9737,-0.007203
8.0242,-0.007203
8.0742,-0.007203
8.1245,-0.007203
8.1747,-0.007203
8.2253,-0.0072039999999999995
8.2753,-0.0072039999999999995
8.3257,-0.007203
8.3759,-0.007203
8.4264,-0.007203
8.4764,-0.007203
8.5268,-0.007203
8.5774,-0.007203
8.6273,-0.007203
8.6776,-0.007203
8.7279,-0.007203
8.7782,-0.007203
8.8285,-0.007203
8.8787,-0.007203
8.9289,-0.007203
8.9793,-0.007203
9.0295,-0.007203
9.0799,-0.007203
9.1300,-0.007203
9.1804,-0.007203
9.2309,-0.007203
9.2810,-0.007203
9.3312,-0.007202
9.3815,-0.007203
9.4318,-0.007203
9.4819,-0.007203
9.5326,-0.007203
9.5829,-0.007202
9.6331,-0.007202
9.6831,-0.007202
9.7334,-0.007202
9.7837,-0.007202
9.8340,-0.007202
9.8847,-0.007202
9.9347,-0.007202
9.9848,-0.007201
10.0352,-0.007202
10.0854,-0.007201
10.1357,-0.007201
10.1860,-0.007201
10.2363,-0.007201
10.2869,-0.007201
10.3369,-0.007201
10.3870,-0.007201
10.4377,-0.007201
10.4875,-0.007201
10.5379,-0.007201
10.5885,-0.007201
10.6388,-0.007201
10.6891,-0.007202
10.7392,-0.007202
10.7897,-0.007202
10.8399,-0.007201
10.8902,-0.007201
10.9405,-0.007201
10.9907,-0.007201
11.0410,-0.007201
11.0909,-0.007201
11.1412,-0.007201
11.1919,-0.007201
11.2425,-0.007202
11.2923,-0.007202
11.3423,-0.007202
11.3931,-0.007202
11.4430,-0.007201
11.4931,-0.007201
11.5435,-0.007201
11.5939,-0.007201
11.6440,-0.007201
11.6946,-0.007201
11.7447,-0.007201
11.7950,-0.007201
11.8452,-0.007201
11.8954,-0.007201
11.9458,-0.007201
11.9961,-0.007201
12.0464,-0.007201
12.0965,-0.007201
12.1467,-0.007201
12.1971,-0.007201
12.2474,-0.007201
12.2978,-0.007201
12.3481,-0.007201
12.3983,-0.007201
12.4487,-0.007201
12.4988,-0.007201
12.5492,-0.007201
12.5997,-0.0072
12.6499,-0.0072
12.6999,-0.0072
12.7501,-0.0072
12.8008,-0.0072
12.8511,-0.0072
12.9012,-0.0072
12.9513,-0.0072
13.0015,-0.0072
13.0519,-0.0072
13.1021,-0.0072
13.1524,-0.0072
13.2031,-0.0072
13.2530,-0.0072
13.3035,-0.0071990000000000005
13.3534,-0.0071990000000000005
13.4040,-0.0072
13.4540,-0.0072
13.5047,-0.0071990000000000005
13.5550,-0.0071990000000000005
13.6052,-0.0071990000000000005
13.6552,-0.0071990000000000005
13.7058,-0.0071990000000000005
13.7559,-0.0071990000000000005
13.8065,-0.0071990000000000005
13.8564,-0.0071990000000000005
13.9066,-0.0072
13.9568,-0.0071990000000000005
14.0072,-0.0071990000000000005
14.0574,-0.0071990000000000005
14.1077,-0.0071990000000000005
14.1580,-0.0071990000000000005
14.2090,-0.0071990000000000005
14.2589,-0.0071990000000000005
14.3092,-0.0071990000000000005
14.3591,-0.0071990000000000005
14.4094,-0.0071990000000000005
14.4597,-0.0071990000000000005
14.5100,-0.0071990000000000005
14.5603,-0.0071990000000000005
14.6105,-0.0071990000000000005
14.6609,-0.0071990000000000005
14.7111,-0.0071990000000000005
14.7613,-0.0071990000000000005
14.8117,-0.0071990000000000005
14.8618,-0.0071990000000000005
14.9120,-0.0071990000000000005
14.9627,-0.0071990000000000005
15.0130,-0.0071990000000000005
15.0632,-0.0071990000000000005
15.1135,-0.0071990000000000005
15.1635,-0.0071990000000000005
15.2137,-0.0071990000000000005
15.2644,-0.0071990000000000005
15.3148,-0.007198
15.3649,-0.0071990000000000005
15.4153,-0.0071990000000000005
15.4656,-0.0071990000000000005
15.5154,-0.0071990000000000005
15.5661,-0.0071990000000000005
15.6164,-0.0071990000000000005
15.6664,-0.007198
15.7169,-0.007198
15.7671,-0.007198
15.8171,-0.007198
15.8674,-0.007198
15.9180,-0.007198
15.9681,-0.007198
16.0183,-0.007198
16.0689,-0.007198
16.1192,-0.007198
16.1690,-0.007198
16.2194,-0.007198
16.2697,-0.007198
16.3203,-0.007198
16.3707,-0.007198
16.4205,-0.007198
16.4712,-0.007198
16.5211,-0.007198
16.5717,-0.007198
16.6220,-0.007198
16.6720,-0.007198
16.7223,-0.007198
16.7724,-0.007198
16.8228,-0.007198
16.8729,-0.007198
16.9233,-0.007198
16.9736,-0.007198
17.0244,-0.007198
17.0745,-0.007198
17.1247,-0.007198
17.1747,-0.007198
17.2253,-0.007198
17.2753,-0.007197
17.3257,-0.007197
17.3758,-0.007198
17.4263,-0.007198
17.4765,-0.007198
17.5268,-0.007198
17.5769,-0.007198
17.6273,-0.007198
17.6774,-0.007198
17.7277,-0.007198
17.7781,-0.007198
17.8283,-0.007198
17.8787,-0.007197
17.9291,-0.007197
17.9791,-0.007198
18.0294,-0.007197
18.0796,-0.007197
18.1300,-0.007198
18.1803,-0.007197
18.2305,-0.007197
18.2810,-0.007197
18.3310,-0.007197
18.3814,-0.007197
18.4320,-0.007197
18.4823,-0.007197
18.5322,-0.007197
18.5829,-0.007197
18.6329,-0.007197
18.6830,-0.007197
18.7337,-0.007197
18.7839,-0.007197
18.8338,-0.007197
18.8841,-0.007197
18.9344,-0.007197
18.9852,-0.007197
19.0350,-0.007197
19.0857,-0.007197
19.1357,-0.007197
19.1858,-0.007196
19.2361,-0.007196
19.2865,-0.007196
19.3372,-0.007196
19.3869,-0.007196
19.4372,-0.007196
19.4876,-0.007196
19.5378,-0.007196
19.5884,-0.007196
19.6387,-0.007196
19.6887,-0.007196
19.7393,-0.007196
19.7896,-0.007196
19.8398,-0.007196
19.8904,-0.007196
19.9408,-0.007196
19.9906,-0.007196
20.0409,-0.007196
20.0913,-0.007196
20.1413,-0.007196
20.1915,-0.007196
20.2417,-0.007196
20.2920,-0.007196
20.3423,-0.007196
20.3925,-0.007196
20.4428,-0.007196
20.4932,-0.007195
20.5435,-0.007196
20.5937,-0.007196
20.6439,-0.007196
20.6944,-0.007196
20.7447,-0.007196
20.7950,-0.007196
20.8451,-0.007196
20.8953,-0.007196
20.9458,-0.007196
20.9961,-0.007196
21.0461,-0.007196
21.0964,-0.007196
21.1472,-0.007196
21.1969,-0.007196
21.2472,-0.007196
21.2977,-0.007196
21.3478,-0.007195
21.3985,-0.007195
21.4489,-0.007195
21.4987,-0.007195
21.5489,-0.007195
21.5993,-0.007195
21.6499,-0.007195
21.7001,-0.007195
21.7505,-0.007195
21.8004,-0.007195
21.8509,-0.007195
21.9013,-0.007195
21.9512,-0.007195
22.0018,-0.007195
22.0517,-0.007195
22.1020,-0.007195
22.1522,-0.007195
22.2025,-0.007195
22.2529,-0.007195
22.3031,-0.007195
22.3534,-0.007195
22.4038,-0.007195
22.4540,-0.007195
22.5048,-0.007195
22.5545,-0.007195
22.6052,-0.007195
22.6554,-0.007195
22.7054,-0.007195
22.7557,-0.007195
22.8059,-0.007194
22.8565,-0.007194
22.9065,-0.007194
22.9568,-0.007194
23.0071,-0.007195
23.0574,-0.007195
23.1077,-0.007194
23.1581,-0.007194
23.2083,-0.007194
23.2585,-0.007194
23.3087,-0.007194
23.3590,-0.007195
23.4093,-0.007194
23.4596,-0.007194
23.5098,-0.007194
23.5600,-0.007195
23.6104,-0.007195
23.6608,-0.007195
23.7111,-0.007195
23.7613,-0.007195
23.8114,-0.007195
23.8619,-0.007195
23.9124,-0.007195
23.9625,-0.007195
24.0127,-0.007195
24.0629,-0.007195
24.1132,-0.007195
24.1638,-0.007195
24.2141,-0.007195
24.2642,-0.007195
24.3143,-0.007195
24.3649,-0.007195
24.4148,-0.007195
24.4651,-0.007194
24.5153,-0.007194
24.5658,-0.007194
24.6160,-0.007194
24.6662,-0.007194
24.7165,-0.007194
24.7668,-0.007194
24.8172,-0.007194
24.8673,-0.007194
24.9177,-0.007194
24.9679,-0.007194
25.0187,-0.007194
25.0688,-0.007194
25.1192,-0.007194
25.1690,-0.007194
25.2195,-0.007194
25.2697,-0.007194
25.3202,-0.007194
25.3705,-0.007194
25.4208,-0.007194
25.4710,-0.007195
25.5213,-0.007194
25.5716,-0.007194
25.6218,-0.007194
25.6723,-0.007194
25.7227,-0.007194
25.7726,-0.007194
25.8230,-0.007194
25.8736,-0.007194
25.9233,-0.007194
25.9736,-0.007194
26.0240,-0.007194
26.0742,-0.007194
26.1245,-0.007194
26.1745,-0.007194
26.2248,-0.007194
26.2752,-0.007194
26.3254,-0.007194
26.3758,-0.007194
26.4262,-0.007194
26.4763,-0.007194
26.5265,-0.007194
26.5767,-0.007194
26.6270,-0.007194
26.6774,-0.007194
26.7278,-0.007194
26.7779,-0.007194
26.8282,-0.007194
26.8785,-0.007194
26.9290,-0.007194
26.9793,-0.007194
27.0297,-0.007194
27.0799,-0.007194
27.1302,-0.007194
27.1801,-0.007194
27.2308,-0.007194
27.2811,-0.007194
27.3312,-0.007194
27.3812,-0.007194
27.4315,-0.007193000000000001
27.4818,-0.007194
27.5321,-0.007194
27.5823,-0.007194
27.6327,-0.007194
27.6829,-0.007194
27.7336,-0.007194
27.7834,-0.007193000000000001
27.8338,-0.007194
27.8840,-0.007194
27.9348,-0.007193000000000001
27.9845,-0.007193000000000001
28.0352,-0.007193000000000001
28.0856,-0.007193000000000001
28.1355,-0.007193000000000001
28.1856,-0.007193000000000001
28.2361,-0.007193000000000001
28.2862,-0.007193000000000001
28.3366,-0.007193000000000001
28.3868,-0.007193000000000001
28.4372,-0.007193000000000001
28.4874,-0.007193000000000001
28.5380,-0.007193000000000001
28.5879,-0.007193000000000001
28.6389,-0.007193000000000001
28.6887,-0.007193000000000001
28.7388,-0.007193000000000001
28.7890,-0.007193000000000001
28.8395,-0.007193000000000001
28.8898,-0.0071920000000000005
28.9399,-0.007193000000000001
28.9902,-0.007193000000000001
29.0406,-0.007193000000000001
29.0908,-0.007193000000000001
29.1409,-0.007193000000000001
29.1913,-0.007193000000000001
29.2416,-0.007193000000000001
29.2918,-0.0071920000000000005
29.3423,-0.007193000000000001
29.3926,-0.007193000000000001
29.4427,-0.007193000000000001
29.4932,-0.007193000000000001
29.5432,-0.0071920000000000005
29.5935,-0.0071920000000000005
29.6436,-0.0071920000000000005
29.6940,-0.0071920000000000005
29.7443,-0.007193000000000001
29.7946,-0.007193000000000001
29.8448,-0.007193000000000001
29.8953,-0.0071920000000000005
29.9457,-0.007193000000000001
29.9961,-0.007193000000000001
30.0460,-0.007193000000000001
30.0968,-0.007193000000000001
30.1467,-0.007193000000000001
30.1969,-0.007193000000000001
30.2472,-0.007193000000000001
30.2973,-0.007193000000000001
30.3477,-0.007193000000000001
30.3978,-0.007193000000000001
30.4485,-0.007193000000000001
30.4984,-0.007193000000000001
30.5487,-0.007193000000000001
30.5991,-0.007193000000000001
30.6493,-0.007193000000000001
30.7000,-0.0071920000000000005
30.7500,-0.0071920000000000005
30.8001,-0.0071920000000000005
30.8505,-0.007193000000000001
30.9007,-0.007193000000000001
30.9514,-0.007193000000000001
31.0016,-0.007193000000000001
31.0515,-0.007193000000000001
31.1023,-0.007193000000000001
31.1521,-0.007193000000000001
31.2024,-0.007193000000000001
31.2527,-0.007193000000000001
31.3033,-0.007193000000000001
31.3537,-0.007193000000000001
31.4038,-0.007193000000000001
31.4540,-0.007193000000000001
31.5049,-0.007193000000000001
31.5545,-0.007193000000000001
31.6047,-0.0071920000000000005
31.6549,-0.0071920000000000005
31.7053,-0.0071920000000000005
31.7554,-0.0071920000000000005
31.8058,-0.0071920000000000005
31.8560,-0.0071920000000000005
31.9065,-0.0071920000000000005
31.9567,-0.0071920000000000005
32.0070,-0.0071920000000000005
32.0570,-0.0071920000000000005
32.1074,-0.0071920000000000005
32.1576,-0.0071920000000000005
32.2082,-0.0071920000000000005
32.2582,-0.0071920000000000005
32.3088,-0.0071920000000000005
32.3590,-0.0071920000000000005
32.4093,-0.0071920000000000005
32.4592,-0.007193000000000001
32.5099,-0.0071920000000000005
32.5600,-0.0071920000000000005
32.6103,-0.0071920000000000005
32.6607,-0.0071920000000000005
32.7107,-0.0071920000000000005
32.7609,-0.0071920000000000005
32.8112,-0.0071920000000000005
32.8617,-0.0071920000000000005
32.9120,-0.0071920000000000005
32.9620,-0.0071920000000000005
33.0128,-0.0071920000000000005
33.0627,-0.0071920000000000005
33.1130,-0.0071920000000000005
33.1634,-0.0071920000000000005
33.2140,-0.0071920000000000005
33.2639,-0.0071920000000000005
33.3144,-0.0071920000000000005
33.3643,-0.0071920000000000005
33.4151,-0.0071920000000000005
33.4649,-0.0071920000000000005
33.5153,-0.0071920000000000005
33.5659,-0.0071920000000000005
33.6158,-0.0071920000000000005
33.6661,-0.0071920000000000005
33.7163,-0.0071920000000000005
33.7665,-0.0071920000000000005
33.8170,-0.0071920000000000005
33.8672,-0.0071920000000000005
33.9174,-0.0071920000000000005
33.9678,-0.0071920000000000005
34.0183,-0.0071920000000000005
34.0684,-0.007191
34.1186,-0.007191
34.1691,-0.0071920000000000005
34.2195,-0.007191
34.2694,-0.007191
34.3200,-0.007191
34.3699,-0.0071920000000000005
34.4201,-0.0071920000000000005
34.4706,-0.0071920000000000005
34.5209,-0.0071920000000000005
34.5716,-0.0071920000000000005
34.6216,-0.0071920000000000005
34.6716,-0.0071920000000000005
34.7220,-0.0071920000000000005
34.7722,-0.007191
34.8224,-0.007191
34.8727,-0.0071920000000000005
34.9230,-0.0071920000000000005
34.9734,-0.0071920000000000005
35.0235,-0.0071920000000000005
35.0738,-0.0071920000000000005
35.1242,-0.007191
35.1745,-0.0071920000000000005
35.2248,-0.007191
35.2749,-0.007191
35.3255,-0.007191
35.3754,-0.0071920000000000005
35.4257,-0.0071920000000000005
35.4760,-0.007191
35.5264,-0.007191
35.5770,-0.0071920000000000005
35.6268,-0.007191
35.6776,-0.007191
35.7275,-0.007191
35.7777,-0.007191
35.8282,-0.007191
35.8787,-0.0071920000000000005
35.9287,-0.0071920000000000005
35.9789,-0.007191
36.0291,-0.007191
36.0798,-0.007191
36.1297,-0.007191
36.1803,-0.007191
36.2306,-0.007191
36.2805,-0.007191
36.3312,-0.007191
36.3814,-0.007191
36.4313,-0.007191
36.4820,-0.007191
36.5318,-0.007191
36.5823,-0.007191
36.6325,-0.007191
36.6828,-0.007191
36.7335,-0.007191
36.7832,-0.007191
36.8340,-0.007191
36.8839,-0.007191
36.9345,-0.007191
36.9844,-0.007191
37.0351,-0.007191
37.0853,-0.007191
37.1353,-0.007191
37.1859,-0.007191
37.2362,-0.007191
37.2861,-0.007191
37.3374,-0.007191
37.3867,-0.007191
37.4369,-0.007191
37.4873,-0.007191
37.5376,-0.007191
37.5878,-0.007191
37.6383,-0.007191
37.6883,-0.007191
37.7389,-0.007191
37.7890,-0.007191
37.8393,-0.007191
37.8893,-0.007191
37.9398,-0.007191
37.9899,-0.00719
38.0402,-0.00719
38.0906,-0.00719
38.1407,-0.00719
38.1911,-0.00719
38.2413,-0.00719
38.2916,-0.00719
38.3419,-0.00719
38.3922,-0.00719
38.4426,-0.00719
38.4931,-0.007191
38.5432,-0.00719
38.5937,-0.00719
38.6437,-0.00719
38.6944,-0.00719
38.7445,-0.00719
38.7949,-0.00719
38.8451,-0.00719
38.8950,-0.00719
38.9452,-0.00719
38.9955,-0.00719
39.0461,-0.00719
39.0961,-0.007191
39.1464,-0.007191
39.1966,-0.00719
39.2469,-0.007191
39.2972,-0.007191
39.3475,-0.00719
39.3978,-0.007191
39.4482,-0.00719
39.4986,-0.00719
39.5490,-0.00719
39.5989,-0.007191
39.6492,-0.007191
39.6995,-0.007191
39.7498,-0.00719
39.8004,-0.00719
39.8504,-0.007191
39.9006,-0.00719
39.9508,-0.00719
40.0010,-0.00719
40.0513,-0.00719
40.1016,-0.00719
40.1519,-0.00719
40.2021,-0.00719
40.2526,-0.00719
40.3035,-0.00719
40.3536,-0.00719
40.4038,-0.00719
40.4539,-0.00719
40.5041,-0.00719
40.5543,-0.00719
40.6046,-0.00719
40.6549,-0.00719
40.7050,-0.00719
40.7552,-0.00719
40.8057,-0.00719
40.8559,-0.00719
40.9063,-0.00719
40.9565,-0.00719
41.0069,-0.00719
41.0572,-0.00719
41.1074,-0.00719
41.1577,-0.00719
41.2080,-0.00719
41.2582,-0.00719
41.3084,-0.00719
41.3587,-0.00719
41.4093,-0.00719
41.4597,-0.00719
41.5099,-0.00719
41.5600,-0.00719
41.6101,-0.00719
41.6604,-0.00719
41.7110,-0.00719
41.7608,-0.00719
41.8115,-0.00719
41.8618,-0.00719
41.9117,-0.00719
41.9620,-0.00719
42.0124,-0.00719
42.0625,-0.00719
42.1128,-0.00719
42.1631,-0.00719
42.2138,-0.00719
42.2637,-0.00719
42.3139,-0.00719
42.3647,-0.00719
42.4146,-0.00719
42.4648,-0.00719
42.5152,-0.00719
42.5654,-0.007189000000000001
42.6161,-0.007189000000000001
42.6659,-0.007189000000000001
42.7166,-0.007189000000000001
42.7670,-0.007189000000000001
42.8170,-0.007189000000000001
42.8671,-0.00719
42.9174,-0.00719
42.9675,-0.007189000000000001
43.0183,-0.007189000000000001
43.0687,-0.007189000000000001
43.1187,-0.007189000000000001
43.1690,-0.00719
43.2192,-0.007189000000000001
43.2695,-0.007189000000000001
43.3195,-0.007189000000000001
43.3698,-0.00719
43.4201,-0.00719
43.4703,-0.00719
43.5207,-0.007189000000000001
43.5709,-0.007189000000000001
43.6213,-0.00719
43.6715,-0.007189000000000001
43.7219,-0.007189000000000001
43.7722,-0.007189000000000001
43.8224,-0.007189000000000001
43.8729,-0.007189000000000001
43.9231,-0.007189000000000001
43.9735,-0.007189000000000001
44.0236,-0.007189000000000001
44.0739,-0.007189000000000001
44.1240,-0.007189000000000001
44.1744,-0.007189000000000001
44.2248,-0.007189000000000001
44.2750,-0.007189000000000001
44.3252,-0.007189000000000001
44.3756,-0.007189000000000001
44.4259,-0.007189000000000001
44.4759,-0.007189000000000001
44.5262,-0.007188000000000001
44.5764,-0.007189000000000001
44.6268,-0.007189000000000001
44.6771,-0.007189000000000001
44.7273,-0.007189000000000001
44.7777,-0.007189000000000001
44.8282,-0.007189000000000001
44.8786,-0.007189000000000001
44.9285,-0.007189000000000001
44.9791,-0.007189000000000001
45.0294,-0.007189000000000001
45.0793,-0.007189000000000001
45.1295,-0.007189000000000001
45.1798,-0.007189000000000001
45.2303,-0.007189000000000001
45.2804,-0.007189000000000001
45.3308,-0.007189000000000001
45.3810,-0.007189000000000001
45.4314,-0.007189000000000001
45.4818,-0.007189000000000001
45.5319,-0.007189000000000001
45.5821,-0.007189000000000001
45.6324,-0.007189000000000001
45.6827,-0.007189000000000001
45.7333,-0.007189000000000001
45.7833,-0.007189000000000001
45.8338,-0.007189000000000001
45.8841,-0.007189000000000001
45.9350,-0.007189000000000001
45.9843,-0.007189000000000001
46.0349,-0.007189000000000001
46.0852,-0.007189000000000001
46.1357,-0.007189000000000001
46.1855,-0.007189000000000001
46.2358,-0.007189000000000001
46.2861,-0.007189000000000001
46.3363,-0.007189000000000001
46.3866,-0.007189000000000001
46.4369,-0.007189000000000001
46.4870,-0.007189000000000001
46.5373,-0.007189000000000001
46.5877,-0.007189000000000001
46.6380,-0.007189000000000001
46.6882,-0.007189000000000001
46.7385,-0.007189000000000001
46.7888,-0.007189000000000001
46.8393,-0.007189000000000001
46.8894,-0.007189000000000001
46.9397,-0.007189000000000001
46.9900,-0.007189000000000001
47.0403,-0.007189000000000001
47.0906,-0.007189000000000001
47.1408,-0.007189000000000001
47.1913,-0.007189000000000001
47.2412,-0.007189000000000001
47.2919,-0.007188000000000001
47.3419,-0.007189000000000001
47.3921,-0.007189000000000001
47.4424,-0.007188000000000001
47.4929,-0.007188000000000001
47.5428,-0.007189000000000001
47.5933,-0.007188000000000001
47.6434,-0.007188000000000001
47.6939,-0.007188000000000001
47.7443,-0.007188000000000001
47.7943,-0.007189000000000001
47.8451,-0.007189000000000001
47.8953,-0.007189000000000001
47.9452,-0.007188000000000001
47.9955,-0.007188000000000001
48.0458,-0.007188000000000001
48.0960,-0.007188000000000001
48.1464,-0.007188000000000001
48.1967,-0.007188000000000001
48.2470,-0.007188000000000001
48.2970,-0.007188000000000001
48.3473,-0.007188000000000001
48.3978,-0.007188000000000001
48.4479,-0.007188000000000001
48.4986,-0.007188000000000001
48.5487,-0.007188000000000001
48.5992,-0.007188000000000001
48.6495,-0.007188000000000001
48.6998,-0.007188000000000001
48.7496,-0.007188000000000001
48.7999,-0.007188000000000001
48.8502,-0.007188000000000001
48.9005,-0.007188000000000001
48.9508,-0.007188000000000001
49.0011,-0.007188000000000001
49.0525,-0.007188000000000001
49.1018,-0.007188000000000001
49.1521,-0.007188000000000001
49.2023,-0.007188000000000001
49.2525,-0.007188000000000001
49.3028,-0.007188000000000001
49.3532,-0.007188000000000001
49.4033,-0.007188000000000001
49.4537,-0.007188000000000001
49.5039,-0.007188000000000001
49.5541,-0.007188000000000001
49.6044,-0.007188000000000001
49.6550,-0.007188000000000001
49.7052,-0.007188000000000001
49.7555,-0.007188000000000001
49.8057,-0.007188000000000001
49.8558,-0.007188000000000001
49.9061,-0.007188000000000001
49.9565,-0.007188000000000001
50.0067,-0.007188000000000001
50.0569,-0.007188000000000001
50.1074,-0.007188000000000001
50.1578,-0.007188000000000001
50.2078,-0.007188000000000001
50.2580,-0.007188000000000001
50.3087,-0.007188000000000001
50.3587,-0.007188000000000001
50.4093,-0.007188000000000001
50.4596,-0.007188000000000001
50.5098,-0.007188000000000001
50.5599,-0.007188000000000001
50.6104,-0.007188000000000001
50.6607,-0.007188000000000001
50.7108,-0.007188000000000001
50.7612,-0.007188000000000001
50.8115,-0.007188000000000001
50.8618,-0.007188000000000001
50.9119,-0.007188000000000001
50.9624,-0.007188000000000001
51.0123,-0.007188000000000001
51.0625,-0.007188000000000001
51.1133,-0.007188000000000001
51.1631,-0.007188000000000001
51.2137,-0.007188000000000001
51.2641,-0.007188000000000001
51.3144,-0.007188000000000001
51.3642,-0.007188000000000001
51.4146,-0.007188000000000001
51.4652,-0.007188000000000001
51.5155,-0.007188000000000001
51.5657,-0.007188000000000001
51.6157,-0.007188000000000001
51.6663,-0.007188000000000001
51.7163,-0.007188000000000001
51.7665,-0.007188000000000001
51.8168,-0.007188000000000001
51.8671,-0.007188000000000001
51.9173,-0.007188000000000001
51.9679,-0.007188000000000001
52.0182,-0.007188000000000001
52.0682,-0.007188000000000001
52.1185,-0.007188000000000001
52.1688,-0.007188000000000001
52.2192,-0.007188000000000001
52.2693,-0.007188000000000001
52.3196,-0.007188000000000001
52.3699,-0.007188000000000001
52.4203,-0.007188000000000001
52.4706,-0.007188000000000001
52.5209,-0.007188000000000001
52.5709,-0.007188000000000001
52.6213,-0.007188000000000001
52.6717,-0.007188000000000001
52.7218,-0.007188000000000001
52.7721,-0.007188000000000001
52.8225,-0.007188000000000001
52.8728,-0.007188000000000001
52.9231,-0.007188000000000001
52.9735,-0.007188000000000001
53.0235,-0.007188000000000001
53.0738,-0.007187000000000001
53.1240,-0.007188000000000001
53.1743,-0.007188000000000001
53.2248,-0.007188000000000001
53.2752,-0.007188000000000001
53.3255,-0.007188000000000001
53.3754,-0.007187000000000001
53.4262,-0.007188000000000001
53.4762,-0.007188000000000001
53.5268,-0.007188000000000001
53.5766,-0.007188000000000001
53.6271,-0.007188000000000001
53.6771,-0.007188000000000001
53.7274,-0.007188000000000001
53.7778,-0.007188000000000001
53.8282,-0.007188000000000001
53.8788,-0.007188000000000001
53.9285,-0.007188000000000001
53.9788,-0.007188000000000001
54.0290,-0.007187000000000001
54.0793,-0.007188000000000001
54.1295,-0.007188000000000001
54.1799,-0.007187000000000001
54.2302,-0.007187000000000001
54.2804,-0.007187000000000001
54.3308,-0.007187000000000001
54.3810,-0.007187000000000001
54.4312,-0.007187000000000001
54.4819,-0.007188000000000001
54.5321,-0.007187000000000001
54.5822,-0.007187000000000001
54.6324,-0.007187000000000001
54.6831,-0.007187000000000001
54.7334,-0.007188000000000001
54.7834,-0.007187000000000001
54.8336,-0.007187000000000001
54.8839,-0.007187000000000001
54.9346,-0.007187000000000001
54.9845,-0.007187000000000001
55.0348,-0.007187000000000001
55.0850,-0.007187000000000001
55.1353,-0.007187000000000001
55.1855,-0.007187000000000001
55.2358,-0.007187000000000001
55.2863,-0.007187000000000001
55.3364,-0.007187000000000001
55.3865,-0.007187000000000001
55.4372,-0.007187000000000001
55.4873,-0.007187000000000001
55.5375,-0.007187000000000001
55.5879,-0.007187000000000001
55.6380,-0.007188000000000001
55.6883,-0.007187000000000001
55.7389,-0.007187000000000001
55.7889,-0.007187000000000001
55.8391,-0.007187000000000001
55.8898,-0.007187000000000001
55.9397,-0.007188000000000001
55.9901,-0.007187000000000001
56.0403,-0.007187000000000001
56.0906,-0.007187000000000001
56.1407,-0.007187000000000001
56.1910,-0.007187000000000001
56.2413,-0.007187000000000001
56.2922,-0.007187000000000001
56.3423,-0.007187000000000001
56.3923,-0.007187000000000001
56.4426,-0.007187000000000001
56.4929,-0.007187000000000001
56.5432,-0.007187000000000001
56.5933,-0.007187000000000001
56.6440,-0.007187000000000001
56.6944,-0.007187000000000001
56.7443,-0.007187000000000001
56.7949,-0.007187000000000001
56.8452,-0.007187000000000001
56.8954,-0.007187000000000001
56.9453,-0.007187000000000001
56.9956,-0.007187000000000001
57.0459,-0.007187000000000001
57.0965,-0.007187000000000001
57.1469,-0.007187000000000001
57.1972,-0.007187000000000001
57.2470,-0.007187000000000001
57.2973,-0.007187000000000001
57.3479,-0.007187000000000001
57.3977,-0.007187000000000001
57.4482,-0.007187000000000001
57.4984,-0.007187000000000001
57.5492,-0.007187000000000001
57.5994,-0.007187000000000001
57.6496,-0.007187000000000001
57.6999,-0.007187000000000001
57.7500,-0.007187000000000001
57.8001,-0.007187000000000001
57.8504,-0.007187000000000001
57.9005,-0.007187000000000001
57.9509,-0.007187000000000001
58.0012,-0.007187000000000001
58.0515,-0.007187000000000001
58.1017,-0.007187000000000001
58.1521,-0.007187000000000001
58.2023,-0.007187000000000001
58.2527,-0.007187000000000001
58.3028,-0.0071860000000000005
58.3530,-0.007187000000000001
58.4034,-0.007187000000000001
58.4537,-0.007187000000000001
58.5042,-0.007187000000000001
58.5542,-0.007187000000000001
58.6046,-0.007187000000000001
58.6548,-0.007187000000000001
58.7050,-0.007187000000000001
58.7555,-0.007187000000000001
58.8060,-0.007187000000000001
58.8560,-0.007187000000000001
58.9063,-0.007187000000000001
58.9569,-0.007187000000000001
59.0072,-0.007187000000000001
59.0570,-0.007187000000000001
59.1073,-0.007187000000000001
59.1579,-0.007187000000000001
59.2082,-0.007187000000000001
59.2581,-0.007187000000000001
59.3083,-0.007187000000000001
59.3586,-0.007187000000000001
59.4089,-0.0071860000000000005
59.4592,-0.007187000000000001
59.5095,-0.0071860000000000005
59.5598,-0.0071860000000000005
59.6100,-0.0071860000000000005
59.6603,-0.0071860000000000005
59.7107,-0.0071860000000000005
59.7610,-0.0071860000000000005
59.8116,-0.0071860000000000005
59.8618,-0.0071860000000000005
59.9122,-0.0071860000000000005
59.9620,-0.007187000000000001
60.0127,-0.007187000000000001