0.0005,-0.00717
0.0008,-0.007171
0.0011,-0.00717
0.0014,-0.007169000000000001
0.0016,-0.007169000000000001
0.0020,-0.007169000000000001
0.0022,-0.00717
0.0025,-0.00717
0.0027,-0.007172
0.0030,-0.007171
0.0032,-0.00717
0.0034,-0.007169000000000001
0.0037,-0.007168000000000001
0.0039,-0.007167000000000001
0.0041,-0.0071660000000000005
0.0043,-0.0071660000000000005
0.0045,-0.007167000000000001
0.0047,-0.0071660000000000005
0.0049,-0.0071660000000000005
0.0051,-0.0071660000000000005
0.0188,-0.007167000000000001
0.0190,-0.007168000000000001
0.0193,-0.007169000000000001
0.0195,-0.00717
0.0197,-0.00717
0.0200,-0.007169000000000001
0.0202,-0.007168000000000001
0.0204,-0.007167000000000001
0.0207,-0.007167000000000001
0.0209,-0.007168000000000001
0.0212,-0.007168000000000001
0.0214,-0.007168000000000001
0.0216,-0.007167000000000001
0.0218,-0.007167000000000001
0.0220,-0.007167000000000001
0.0223,-0.007167000000000001
0.0225,-0.007167000000000001
0.0227,-0.007168000000000001
0.0229,-0.007167000000000001
0.0232,-0.007167000000000001
0.0366,-0.007167000000000001
0.0868,-0.007167000000000001
0.1372,-0.007167000000000001
0.1875,-0.0071660000000000005
0.2378,-0.007165
0.2881,-0.0071660000000000005
0.3384,-0.007168000000000001
0.3887,-0.007168000000000001
0.4391,-0.007168000000000001
0.4894,-0.007167000000000001
0.5398,-0.007168000000000001
0.5903,-0.007168000000000001
0.6403,-0.007167000000000001
0.6903,-0.007167000000000001
0.7403,-0.007168000000000001
0.7906,-0.007167000000000001
0.8409,-0.0071660000000000005
0.8915,-0.007165
0.9419,-0.0071660000000000005
0.9917,-0.0071660000000000005
1.0421,-0.007167000000000001
1.0928,-0.007167000000000001
1.1427,-0.007167000000000001
1.1929,-0.0071660000000000005
1.2432,-0.0071660000000000005
1.2933,-0.0071660000000000005
1.3440,-0.0071660000000000005
1.3943,-0.0071660000000000005
1.4443,-0.0071660000000000005
1.4946,-0.0071660000000000005
1.5453,-0.0071660000000000005
1.5955,-0.0071660000000000005
1.6453,-0.0071660000000000005
1.6960,-0.0071660000000000005
1.7463,-0.0071660000000000005
1.7962,-0.007167000000000001
1.8473,-0.0071660000000000005
1.8969,-0.007165
1.9475,-0.007165
1.9975,-0.007165
2.0478,-0.007165
2.0980,-0.007164
2.1484,-0.007164
2.1985,-0.007163000000000001
2.2487,-0.007163000000000001
2.2992,-0.007164
2.3493,-0.007167000000000001
2.3997,-0.007168000000000001
2.4501,-0.007168000000000001
2.5002,-0.007167000000000001
2.5506,-0.0071660000000000005
2.6006,-0.0071660000000000005
2.6511,-0.0071660000000000005
2.7013,-0.007165
2.7515,-0.007164
2.8018,-0.007165
2.8523,-0.007167000000000001
2.9025,-0.007167000000000001
2.9527,-0.007167000000000001
3.0031,-0.007168000000000001
3.0534,-0.007169000000000001
3.1034,-0.007169000000000001
3.1540,-0.007168000000000001
3.2045,-0.007167000000000001
3.2546,-0.007167000000000001
3.3050,-0.007168000000000001
3.3553,-0.007167000000000001
3.4052,-0.007167000000000001
3.4555,-0.007167000000000001
3.5058,-0.007168000000000001
3.5560,-0.007168000000000001
3.6067,-0.007167000000000001
3.6566,-0.0071660000000000005
3.7072,-0.0071660000000000005
3.7572,-0.0071660000000000005
3.8078,-0.0071660000000000005
3.8578,-0.007167000000000001
3.9080,-0.007167000000000001
3.9584,-0.0071660000000000005
4.0086,-0.007167000000000001
4.0589,-0.007167000000000001
4.1093,-0.007167000000000001
4.1599,-0.007167000000000001
4.2097,-0.007168000000000001
4.2604,-0.007168000000000001
4.3104,-0.007167000000000001
4.3609,-0.007167000000000001
4.4109,-0.0071660000000000005
4.4611,-0.007165
4.5115,-0.007165
4.5617,-0.0071660000000000005
4.6119,-0.0071660000000000005
4.6624,-0.0071660000000000005
4.7134,-0.0071660000000000005
4.7631,-0.007165
4.8143,-0.007164
4.8635,-0.007164
4.9139,-0.007164
4.9639,-0.007164
5.0144,-0.007165
5.0645,-0.007165
5.1149,-0.007165
5.1652,-0.007164
5.2154,-0.007164
5.2657,-0.007165
5.3161,-0.007165
5.3662,-0.007165
5.4165,-0.007165
5.4666,-0.007165
5.5173,-0.0071660000000000005
5.5675,-0.0071660000000000005
5.6174,-0.007167000000000001
5.6679,-0.0071660000000000005
5.7182,-0.0071660000000000005
5.7684,-0.007165
5.8192,-0.007165
5.8694,-0.007165
5.9192,-0.007165
5.9700,-0.0071660000000000005
6.0198,-0.0071660000000000005
6.0702,-0.007165
6.1205,-0.007165
6.1707,-0.0071660000000000005
6.2213,-0.007167000000000001
6.2716,-0.007167000000000001
6.3218,-0.007167000000000001
6.3720,-0.007167000000000001
6.4221,-0.0071660000000000005
6.4727,-0.0071660000000000005
6.5226,-0.0071660000000000005
6.5732,-0.0071660000000000005
6.6235,-0.0071660000000000005
6.6735,-0.007165
6.7237,-0.007165
6.7744,-0.007164
6.8244,-0.007163000000000001
6.8749,-0.007163000000000001
6.9248,-0.007163000000000001
6.9752,-0.007164
7.0254,-0.007164
7.0761,-0.007164
7.1259,-0.007162000000000001
7.1764,-0.007163000000000001
7.2264,-0.007163000000000001
7.2768,-0.007164
7.3270,-0.007164
7.3773,-0.007165
7.4275,-0.007164
7.4779,-0.007164
7.5285,-0.007163000000000001
7.5796,-0.007163000000000001
7.6296,-0.007164
7.6791,-0.007164
7.7294,-0.007164
7.7797,-0.007164
7.8301,-0.007164
7.8802,-0.007165
7.9306,-0.0071660000000000005
7.9807,-0.007167000000000001
8.0309,-0.007167000000000001
8.0813,-0.007168000000000001
8.1315,-0.007169000000000001
8.1820,-0.007169000000000001
8.2323,-0.007169000000000001
8.2823,-0.007167000000000001
8.3329,-0.007167000000000001
8.3830,-0.0071660000000000005
8.4332,-0.0071660000000000005
8.4837,-0.007167000000000001
8.5340,-0.007167000000000001
8.5843,-0.007167000000000001
8.6347,-0.007167000000000001
8.6850,-0.007167000000000001
8.7352,-0.007167000000000001
8.7855,-0.0071660000000000005
8.8355,-0.007167000000000001
8.8857,-0.007167000000000001
8.9363,-0.007167000000000001
8.9864,-0.0071660000000000005
9.0367,-0.0071660000000000005
9.0872,-0.007167000000000001
9.1373,-0.007168000000000001
9.1877,-0.007168000000000001
9.2377,-0.007167000000000001
9.2883,-0.0071660000000000005
9.3386,-0.0071660000000000005
9.3884,-0.0071660000000000005
9.4396,-0.007167000000000001
9.4894,-0.0071660000000000005
9.5397,-0.007167000000000001
9.5896,-0.007168000000000001
9.6400,-0.007169000000000001
9.6903,-0.007169000000000001
9.7409,-0.007169000000000001
9.7908,-0.007169000000000001
9.8412,-0.007168000000000001
9.8916,-0.007169000000000001
9.9418,-0.00717
9.9922,-0.007169000000000001
10.0425,-0.007169000000000001
10.0928,-0.00717
10.1427,-0.00717
10.1929,-0.00717
10.2433,-0.007169000000000001
10.2940,-0.007169000000000001
10.3442,-0.007168000000000001
10.3944,-0.0071660000000000005
10.4443,-0.007165
10.4949,-0.007165
10.5451,-0.007165
10.5958,-0.0071660000000000005
10.6458,-0.007167000000000001
10.6962,-0.0071660000000000005
10.7462,-0.007164
10.7964,-0.007162000000000001
10.8469,-0.007161000000000001
10.8969,-0.007162000000000001
10.9473,-0.007163000000000001
10.9975,-0.007164
11.0478,-0.007164
11.0982,-0.007165
11.1484,-0.007165
11.1987,-0.0071660000000000005
11.2490,-0.007165
11.2991,-0.007165
11.3495,-0.007165
11.3996,-0.007165
11.4499,-0.007164
11.5005,-0.007164
11.5504,-0.0071660000000000005
11.6009,-0.007165
11.6510,-0.007164
11.7015,-0.007162000000000001
11.7515,-0.007161000000000001
11.8021,-0.007162000000000001
11.8523,-0.007164
11.9028,-0.007165
11.9529,-0.007165
12.0031,-0.007164
12.0535,-0.007163000000000001
12.1040,-0.007163000000000001
12.1538,-0.007164
12.2045,-0.007165
12.2544,-0.007165
12.3047,-0.007164
12.3550,-0.007163000000000001
12.4053,-0.007163000000000001
12.4558,-0.007163000000000001
12.5057,-0.007164
12.5561,-0.007163000000000001
12.6063,-0.007163000000000001
12.6567,-0.007163000000000001
12.7073,-0.007163000000000001
12.7572,-0.007165
12.8075,-0.0071660000000000005
12.8581,-0.0071660000000000005
12.9080,-0.007167000000000001
12.9585,-0.0071660000000000005
13.0085,-0.007165
13.0588,-0.007163000000000001
13.1093,-0.007164
13.1595,-0.007164
13.2098,-0.007164
13.2601,-0.007165
13.3105,-0.0071660000000000005
13.3607,-0.007165
13.4112,-0.007164
13.4626,-0.007163000000000001
13.5117,-0.007163000000000001
13.5621,-0.007164
13.6121,-0.0071660000000000005
13.6623,-0.007168000000000001
13.7126,-0.007167000000000001
13.7628,-0.0071660000000000005
13.8133,-0.007165
13.8635,-0.0071660000000000005
13.9138,-0.007168000000000001
13.9641,-0.007169000000000001
14.0144,-0.007167000000000001
14.0646,-0.0071660000000000005
14.1149,-0.0071660000000000005
14.1650,-0.007168000000000001
14.2155,-0.007169000000000001
14.2659,-0.007168000000000001
14.3162,-0.0071660000000000005
14.3665,-0.0071660000000000005
14.4168,-0.0071660000000000005
14.4671,-0.007165
14.5174,-0.007165
14.5677,-0.0071660000000000005
14.6176,-0.0071660000000000005
14.6678,-0.007165
14.7185,-0.007164
14.7683,-0.007165
14.8186,-0.0071660000000000005
14.8694,-0.0071660000000000005
14.9192,-0.007165
14.9695,-0.007165
15.0200,-0.007165
15.0702,-0.0071660000000000005
15.1203,-0.007165
15.1706,-0.007165
15.2213,-0.007165
15.2715,-0.007165
15.3215,-0.007165
15.3720,-0.007165
15.4225,-0.007165
15.4726,-0.0071660000000000005
15.5226,-0.0071660000000000005
15.5729,-0.007165
15.6232,-0.007165
15.6735,-0.007164
15.7236,-0.007164
15.7739,-0.007163000000000001
15.8245,-0.007163000000000001
15.8750,-0.007165
15.9248,-0.007165
15.9755,-0.007165
16.0255,-0.007165
16.0756,-0.007165
16.1259,-0.007165
16.1764,-0.007165
16.2270,-0.0071660000000000005
16.2772,-0.007167000000000001
16.3273,-0.007167000000000001
16.3774,-0.007167000000000001
16.4280,-0.007168000000000001
16.4779,-0.007167000000000001
16.5283,-0.0071660000000000005
16.5787,-0.007165
16.6287,-0.0071660000000000005
16.6791,-0.007167000000000001
16.7295,-0.007167000000000001
16.7796,-0.0071660000000000005
16.8299,-0.0071660000000000005
16.8800,-0.0071660000000000005
16.9304,-0.007167000000000001
16.9808,-0.007167000000000001
17.0310,-0.007168000000000001
17.0814,-0.007169000000000001
17.1317,-0.007169000000000001
17.1817,-0.007168000000000001
17.2323,-0.007168000000000001
17.2824,-0.007169000000000001
17.3325,-0.007168000000000001
17.3828,-0.007167000000000001
17.4335,-0.007168000000000001
17.4835,-0.007168000000000001
17.5341,-0.007169000000000001
17.5844,-0.007169000000000001
17.6343,-0.007168000000000001
17.6845,-0.007167000000000001
17.7348,-0.0071660000000000005
17.7854,-0.0071660000000000005
17.8354,-0.007167000000000001
17.8858,-0.007168000000000001
17.9360,-0.007168000000000001
17.9862,-0.007169000000000001
18.0365,-0.00717
18.0868,-0.00717
18.1374,-0.007169000000000001
18.1877,-0.007169000000000001
18.2376,-0.007169000000000001
18.2881,-0.007169000000000001
18.3383,-0.007168000000000001
18.3885,-0.007167000000000001
18.4387,-0.0071660000000000005
18.4892,-0.0071660000000000005
18.5392,-0.0071660000000000005
18.5896,-0.0071660000000000005
18.6399,-0.0071660000000000005
18.6906,-0.007167000000000001
18.7404,-0.0071660000000000005
18.7908,-0.007167000000000001
18.8411,-0.007168000000000001
18.8916,-0.007167000000000001
18.9416,-0.007167000000000001
18.9922,-0.007168000000000001
19.0425,-0.007168000000000001
19.0923,-0.007169000000000001
19.1435,-0.007168000000000001
19.1934,-0.007168000000000001
19.2434,-0.007168000000000001
19.2939,-0.007168000000000001
19.3440,-0.007167000000000001
19.3941,-0.007168000000000001
19.4444,-0.007168000000000001
19.4946,-0.007168000000000001
19.5448,-0.007168000000000001
19.5952,-0.007168000000000001
19.6454,-0.007168000000000001
19.6959,-0.007168000000000001
19.7460,-0.007169000000000001
19.7963,-0.007169000000000001
19.8467,-0.007169000000000001
19.8968,-0.007168000000000001
19.9474,-0.007167000000000001
19.9976,-0.007167000000000001
20.0477,-0.007167000000000001
20.0981,-0.0071660000000000005
20.1484,-0.0071660000000000005
20.1985,-0.0071660000000000005
20.2489,-0.0071660000000000005
20.2993,-0.007167000000000001
20.3493,-0.007167000000000001
20.3996,-0.0071660000000000005
20.4498,-0.007165
20.5004,-0.007165
20.5504,-0.007165
20.6010,-0.007165
20.6510,-0.007165
20.7016,-0.007165
20.7519,-0.007165
20.8017,-0.007165
20.8525,-0.007164
20.9027,-0.007164
20.9531,-0.007164
21.0030,-0.007165
21.0537,-0.007165
21.1039,-0.007165
21.1543,-0.007164
21.2040,-0.007164
21.2543,-0.0071660000000000005
21.3047,-0.0071660000000000005
21.3552,-0.0071660000000000005
21.4056,-0.007167000000000001
21.4556,-0.0071660000000000005
21.5057,-0.007167000000000001
21.5560,-0.007167000000000001
21.6063,-0.007168000000000001
21.6566,-0.00717
21.7070,-0.00717
21.7573,-0.007169000000000001
21.8073,-0.007168000000000001
21.8580,-0.007167000000000001
21.9083,-0.007168000000000001
21.9587,-0.007167000000000001
22.0085,-0.007168000000000001
22.0595,-0.007168000000000001
22.1091,-0.007168000000000001
22.1597,-0.007167000000000001
22.2097,-0.007167000000000001
22.2604,-0.007167000000000001
22.3105,-0.007167000000000001
22.3606,-0.007167000000000001
22.4108,-0.007167000000000001
22.4612,-0.007167000000000001
22.5113,-0.007167000000000001
22.5616,-0.007167000000000001
22.6119,-0.007167000000000001
22.6622,-0.007167000000000001
22.7124,-0.007167000000000001
22.7628,-0.0071660000000000005
22.8129,-0.007165
22.8633,-0.007165
22.9136,-0.007165
22.9637,-0.007165
23.0140,-0.007164
23.0644,-0.007164
23.1147,-0.007164
23.1649,-0.007164
23.2154,-0.007164
23.2658,-0.007163000000000001
23.3162,-0.007164
23.3661,-0.007164
23.4167,-0.007164
23.4670,-0.007164
23.5168,-0.007165
23.5676,-0.007165
23.6174,-0.0071660000000000005
23.6678,-0.0071660000000000005
23.7179,-0.007164
23.7684,-0.007163000000000001
23.8185,-0.007164
23.8689,-0.007165
23.9190,-0.0071660000000000005
23.9695,-0.007167000000000001
24.0196,-0.0071660000000000005
24.0699,-0.0071660000000000005
24.1203,-0.007165
24.1707,-0.007164
24.2208,-0.007163000000000001
24.2711,-0.007162000000000001
24.3217,-0.007163000000000001
24.3720,-0.007164
24.4219,-0.007165
24.4725,-0.007165
24.5224,-0.0071660000000000005
24.5727,-0.0071660000000000005
24.6234,-0.007164
24.6737,-0.007163000000000001
24.7240,-0.007163000000000001
24.7742,-0.007163000000000001
24.8243,-0.007164
24.8745,-0.007165
24.9254,-0.007165
24.9752,-0.007165
25.0258,-0.007165
25.0761,-0.007165
25.1262,-0.007164
25.1764,-0.007164
25.2266,-0.007165
25.2768,-0.007165
25.3271,-0.007164
25.3773,-0.007164
25.4278,-0.007164
25.4778,-0.0071660000000000005
25.5283,-0.007167000000000001
25.5785,-0.007167000000000001
25.6289,-0.0071660000000000005
25.6790,-0.007165
25.7295,-0.007165
25.7797,-0.007165
25.8298,-0.007165
25.8800,-0.0071660000000000005
25.9303,-0.007168000000000001
25.9809,-0.007169000000000001
26.0309,-0.007168000000000001
26.0815,-0.007167000000000001
26.1315,-0.007168000000000001
26.1817,-0.007169000000000001
26.2322,-0.007169000000000001
26.2823,-0.007167000000000001
26.3329,-0.0071660000000000005
26.3830,-0.0071660000000000005
26.4331,-0.0071660000000000005
26.4838,-0.0071660000000000005
26.5341,-0.0071660000000000005
26.5840,-0.007165
26.6345,-0.007165
26.6849,-0.0071660000000000005
26.7349,-0.007167000000000001
26.7850,-0.007167000000000001
26.8360,-0.007167000000000001
26.8856,-0.007168000000000001
26.9362,-0.007168000000000001
26.9867,-0.007167000000000001
27.0365,-0.007167000000000001
27.0871,-0.007168000000000001
27.1374,-0.007168000000000001
27.1877,-0.007167000000000001
27.2375,-0.007167000000000001
27.2883,-0.007168000000000001
27.3385,-0.007168000000000001
27.3888,-0.007169000000000001
27.4387,-0.007168000000000001
27.4893,-0.007168000000000001
27.5397,-0.007168000000000001
27.5895,-0.007169000000000001
27.6404,-0.007169000000000001
27.6901,-0.007169000000000001
27.7404,-0.007169000000000001
27.7912,-0.007169000000000001
27.8416,-0.007168000000000001
27.8915,-0.007167000000000001
27.9419,-0.007165
27.9919,-0.0071660000000000005
28.0421,-0.0071660000000000005
28.0923,-0.0071660000000000005
28.1426,-0.0071660000000000005
28.1929,-0.007165
28.2432,-0.0071660000000000005
28.2934,-0.007167000000000001
28.3440,-0.007168000000000001
28.3940,-0.0071660000000000005
28.4444,-0.007165
28.4947,-0.0071660000000000005
28.5447,-0.007168000000000001
28.5951,-0.007168000000000001
28.6455,-0.007167000000000001
28.6958,-0.007167000000000001
28.7460,-0.007167000000000001
28.7965,-0.007167000000000001
28.8467,-0.007168000000000001
28.8969,-0.007168000000000001
28.9470,-0.007169000000000001
28.9973,-0.007169000000000001
29.0478,-0.007167000000000001
29.0978,-0.0071660000000000005
29.1481,-0.007165
29.1985,-0.0071660000000000005
29.2487,-0.0071660000000000005
29.2991,-0.0071660000000000005
29.3496,-0.007165
29.3997,-0.0071660000000000005
29.4498,-0.007167000000000001
29.5002,-0.007167000000000001
29.5505,-0.007168000000000001
29.6007,-0.007167000000000001
29.6514,-0.007168000000000001
29.7015,-0.007167000000000001
29.7515,-0.0071660000000000005
29.8017,-0.007167000000000001
29.8525,-0.0071660000000000005
29.9028,-0.007165
29.9527,-0.0071660000000000005
30.0033,-0.0071660000000000005
30.0532,-0.0071660000000000005
30.1038,-0.0071660000000000005
30.1541,-0.0071660000000000005
30.2047,-0.0071660000000000005
30.2543,-0.0071660000000000005
30.3050,-0.007167000000000001
30.3549,-0.007167000000000001
30.4052,-0.007168000000000001
30.4554,-0.007168000000000001
30.5060,-0.007167000000000001
30.5560,-0.007167000000000001
30.6065,-0.0071660000000000005
30.6570,-0.0071660000000000005
30.7076,-0.007164
30.7574,-0.007163000000000001
30.8077,-0.007163000000000001
30.8581,-0.007163000000000001
30.9081,-0.007163000000000001
30.9584,-0.007163000000000001
31.0086,-0.007163000000000001
31.0589,-0.007163000000000001
31.1092,-0.007164
31.1594,-0.007164
31.2097,-0.007164
31.2600,-0.007164
31.3102,-0.007164
31.3606,-0.007164
31.4107,-0.007165
31.4611,-0.007165
31.5116,-0.007164
31.5616,-0.007164
31.6121,-0.007164
31.6622,-0.007164
31.7124,-0.007164
31.7627,-0.007164
31.8129,-0.007165
31.8634,-0.0071660000000000005
31.9135,-0.0071660000000000005
31.9639,-0.0071660000000000005
32.0144,-0.0071660000000000005
32.0645,-0.007167000000000001
32.1147,-0.007169000000000001
32.1651,-0.00717
32.2152,-0.00717
32.2655,-0.007169000000000001
32.3159,-0.007168000000000001
32.3659,-0.007168000000000001
32.4163,-0.007168000000000001
32.4666,-0.007168000000000001
32.5168,-0.007168000000000001
32.5673,-0.007169000000000001
32.6177,-0.007168000000000001
32.6677,-0.007168000000000001
32.7185,-0.007168000000000001
32.7685,-0.007167000000000001
32.8185,-0.007169000000000001
32.8689,-0.007171
32.9192,-0.007171
32.9699,-0.007171
33.0197,-0.00717
33.0699,-0.00717
33.1203,-0.007169000000000001
33.1705,-0.007169000000000001
33.2208,-0.007168000000000001
33.2711,-0.007169000000000001
33.3214,-0.007169000000000001
33.3721,-0.007169000000000001
33.4223,-0.007168000000000001
33.4723,-0.007168000000000001
33.5226,-0.007167000000000001
33.5727,-0.007168000000000001
33.6232,-0.007169000000000001
33.6737,-0.007169000000000001
33.7245,-0.007169000000000001
33.7745,-0.007168000000000001
33.8243,-0.007168000000000001
33.8747,-0.007167000000000001
33.9247,-0.0071660000000000005
33.9750,-0.0071660000000000005
34.0253,-0.0071660000000000005
34.0755,-0.007167000000000001
34.1260,-0.007167000000000001
34.1763,-0.007168000000000001
34.2266,-0.007168000000000001
34.2766,-0.0071660000000000005
34.3269,-0.007165
34.3774,-0.007165
34.4275,-0.0071660000000000005
34.4778,-0.0071660000000000005
34.5282,-0.0071660000000000005
34.5787,-0.007167000000000001
34.6291,-0.007167000000000001
34.6794,-0.007168000000000001
34.7292,-0.007167000000000001
34.7795,-0.0071660000000000005
34.8303,-0.0071660000000000005
34.8801,-0.0071660000000000005
34.9305,-0.007165
34.9806,-0.007164
35.0312,-0.007164
35.0815,-0.007165
35.1316,-0.0071660000000000005
35.1817,-0.007167000000000001
35.2323,-0.0071660000000000005
35.2823,-0.007165
35.3326,-0.007165
35.3832,-0.0071660000000000005
35.4336,-0.007165
35.4838,-0.007165
35.5338,-0.007165
35.5843,-0.0071660000000000005
35.6349,-0.007167000000000001
35.6845,-0.007167000000000001
35.7352,-0.007165
35.7853,-0.007163000000000001
35.8357,-0.007163000000000001
35.8860,-0.007165
35.9363,-0.0071660000000000005
35.9866,-0.007167000000000001
36.0368,-0.007167000000000001
36.0873,-0.0071660000000000005
36.1372,-0.0071660000000000005
36.1874,-0.0071660000000000005
36.2377,-0.007167000000000001
36.2879,-0.0071660000000000005
36.3386,-0.0071660000000000005
36.3888,-0.007167000000000001
36.4394,-0.0071660000000000005
36.4897,-0.007167000000000001
36.5396,-0.0071660000000000005
36.5897,-0.007165
36.6399,-0.007165
36.6902,-0.007165
36.7405,-0.0071660000000000005
36.7908,-0.007167000000000001
36.8410,-0.0071660000000000005
36.8914,-0.0071660000000000005
36.9415,-0.007165
36.9919,-0.007165
37.0423,-0.0071660000000000005
37.0925,-0.007167000000000001
37.1428,-0.0071660000000000005
37.1932,-0.007165
37.2434,-0.007163000000000001
37.2934,-0.007162000000000001
37.3440,-0.007162000000000001
37.3942,-0.007163000000000001
37.4445,-0.007164
37.4947,-0.007163000000000001
37.5451,-0.007164
37.5954,-0.007164
37.6456,-0.007164
37.6959,-0.007165
37.7460,-0.0071660000000000005
37.7963,-0.0071660000000000005
37.8469,-0.0071660000000000005
37.8970,-0.0071660000000000005
37.9475,-0.007165
37.9977,-0.007165
38.0481,-0.007165
38.0984,-0.0071660000000000005
38.1486,-0.007167000000000001
38.1987,-0.007167000000000001
38.2488,-0.007167000000000001
38.2992,-0.007167000000000001
38.3493,-0.0071660000000000005
38.3996,-0.0071660000000000005
38.4503,-0.007165
38.5004,-0.007165
38.5506,-0.0071660000000000005
38.6013,-0.0071660000000000005
38.6510,-0.007165
38.7018,-0.007164
38.7517,-0.007165
38.8023,-0.0071660000000000005
38.8522,-0.0071660000000000005
38.9025,-0.007165
38.9531,-0.007164
39.0034,-0.007164
39.0535,-0.007164
39.1036,-0.007163000000000001
39.1539,-0.007163000000000001
39.2045,-0.007162000000000001
39.2549,-0.007162000000000001
39.3047,-0.007162000000000001
39.3549,-0.007163000000000001
39.4056,-0.007162000000000001
39.4560,-0.007162000000000001
39.5066,-0.007163000000000001
39.5563,-0.007163000000000001
39.6066,-0.007163000000000001
39.6568,-0.007163000000000001
39.7070,-0.007164
39.7572,-0.007165
39.8076,-0.007164
39.8579,-0.007164
39.9080,-0.007164
39.9585,-0.007165
40.0088,-0.007165
40.0591,-0.007164
40.1093,-0.007163000000000001
40.1598,-0.007162000000000001
40.2097,-0.007162000000000001
40.2600,-0.007162000000000001
40.3104,-0.007163000000000001
40.3609,-0.007165
40.4113,-0.007165
40.4615,-0.007165
40.5117,-0.0071660000000000005
40.5618,-0.0071660000000000005
40.6124,-0.007164
40.6626,-0.007165
40.7129,-0.007165
40.7629,-0.007164
40.8132,-0.007165
40.8635,-0.0071660000000000005
40.9137,-0.0071660000000000005
40.9639,-0.007165
41.0142,-0.0071660000000000005
41.0646,-0.007167000000000001
41.1149,-0.0071660000000000005
41.1652,-0.007165
41.2157,-0.007164
41.2656,-0.007163000000000001
41.3160,-0.007164
41.3663,-0.007165
41.4169,-0.007165
41.4668,-0.0071660000000000005
41.5169,-0.007167000000000001
41.5673,-0.007168000000000001
41.6176,-0.007167000000000001
41.6680,-0.007167000000000001
41.7183,-0.007167000000000001
41.7684,-0.007167000000000001
41.8187,-0.0071660000000000005
41.8694,-0.007165
41.9198,-0.0071660000000000005
41.9696,-0.007167000000000001
42.0199,-0.007168000000000001
42.0703,-0.007168000000000001
42.1205,-0.007168000000000001
42.1707,-0.007169000000000001
42.2211,-0.007169000000000001
42.2722,-0.007169000000000001
42.3216,-0.007168000000000001
42.3718,-0.007168000000000001
42.4225,-0.007168000000000001
42.4726,-0.007168000000000001
42.5227,-0.007168000000000001
42.5732,-0.007168000000000001
42.6234,-0.007167000000000001
42.6734,-0.0071660000000000005
42.7238,-0.007165
42.7742,-0.0071660000000000005
42.8244,-0.007167000000000001
42.8747,-0.007167000000000001
42.9250,-0.007168000000000001
42.9752,-0.007168000000000001
43.0257,-0.007167000000000001
43.0760,-0.0071660000000000005
43.1260,-0.007165
43.1766,-0.007165
43.2269,-0.007165
43.2772,-0.007165
43.3271,-0.007165
43.3776,-0.007165
43.4276,-0.007165
43.4779,-0.007165
43.5282,-0.0071660000000000005
43.5787,-0.0071660000000000005
43.6289,-0.0071660000000000005
43.6791,-0.0071660000000000005
43.7296,-0.007167000000000001
43.7802,-0.0071660000000000005
43.8300,-0.0071660000000000005
43.8802,-0.007165
43.9305,-0.007164
43.9811,-0.007164
44.0315,-0.007164
44.0814,-0.007165
44.1317,-0.0071660000000000005
44.1820,-0.007165
44.2325,-0.0071660000000000005
44.2828,-0.0071660000000000005
44.3327,-0.007167000000000001
44.3834,-0.007168000000000001
44.4337,-0.007169000000000001
44.4839,-0.007168000000000001
44.5342,-0.0071660000000000005
44.5845,-0.0071660000000000005
44.6349,-0.007167000000000001
44.6846,-0.007167000000000001
44.7354,-0.007167000000000001
44.7856,-0.0071660000000000005
44.8355,-0.0071660000000000005
44.8857,-0.007165
44.9360,-0.007164
44.9863,-0.007163000000000001
45.0366,-0.007162000000000001
45.0869,-0.007162000000000001
45.1375,-0.007163000000000001
45.1875,-0.007165
45.2382,-0.0071660000000000005
45.2883,-0.0071660000000000005
45.3385,-0.007165
45.3887,-0.007164
45.4390,-0.007164
45.4892,-0.007165
45.5394,-0.007165
45.5897,-0.007165
45.6401,-0.007165
45.6904,-0.007165
45.7405,-0.007164
45.7908,-0.007164
45.8413,-0.007164
45.8916,-0.007162000000000001
45.9419,-0.007162000000000001
45.9921,-0.007163000000000001
46.0423,-0.007163000000000001
46.0927,-0.007163000000000001
46.1427,-0.007163000000000001
46.1932,-0.007163000000000001
46.2435,-0.007164
46.2937,-0.007165
46.3440,-0.007165
46.3943,-0.007165
46.4446,-0.007165
46.4950,-0.0071660000000000005
46.5453,-0.007167000000000001
46.5956,-0.007167000000000001
46.6460,-0.0071660000000000005
46.6962,-0.0071660000000000005
46.7465,-0.007165
46.7968,-0.007165
46.8467,-0.0071660000000000005
46.8969,-0.0071660000000000005
46.9477,-0.0071660000000000005
46.9975,-0.007167000000000001
47.0483,-0.0071660000000000005
47.0985,-0.0071660000000000005
47.1483,-0.007167000000000001
47.1987,-0.007167000000000001
47.2489,-0.007167000000000001
47.2996,-0.007168000000000001
47.3495,-0.007167000000000001
47.4002,-0.007167000000000001
47.4505,-0.007168000000000001
47.5003,-0.007168000000000001
47.5507,-0.007167000000000001
47.6010,-0.0071660000000000005
47.6512,-0.0071660000000000005
47.7018,-0.007167000000000001
47.7521,-0.007167000000000001
47.8024,-0.0071660000000000005
47.8527,-0.0071660000000000005
47.9029,-0.007167000000000001
47.9535,-0.007167000000000001
48.0038,-0.0071660000000000005
48.0537,-0.0071660000000000005
48.1040,-0.0071660000000000005
48.1542,-0.0071660000000000005
48.2046,-0.007165
48.2545,-0.007165
48.3048,-0.007164
48.3552,-0.007165
48.4059,-0.0071660000000000005
48.4558,-0.007165
48.5061,-0.007165
48.5562,-0.007165
48.6065,-0.007164
48.6567,-0.007164
48.7072,-0.007164
48.7577,-0.0071660000000000005
48.8076,-0.0071660000000000005
48.8580,-0.0071660000000000005
48.9081,-0.0071660000000000005
48.9584,-0.0071660000000000005
49.0090,-0.0071660000000000005
49.0593,-0.0071660000000000005
49.1097,-0.0071660000000000005
49.1595,-0.0071660000000000005
49.2099,-0.007165
49.2600,-0.007163000000000001
49.3104,-0.007164
49.3606,-0.007165
49.4109,-0.007165
49.4615,-0.007163000000000001
49.5117,-0.007163000000000001
49.5622,-0.007162000000000001
49.6124,-0.007161000000000001
49.6627,-0.007161000000000001
49.7130,-0.007163000000000001
49.7633,-0.007164
49.8132,-0.007163000000000001
49.8638,-0.007163000000000001
49.9141,-0.007163000000000001
49.9641,-0.007163000000000001
50.0148,-0.007164
50.0649,-0.007165
50.1148,-0.007164
50.1652,-0.007162000000000001
50.2154,-0.007162000000000001
50.2656,-0.007162000000000001
50.3160,-0.007163000000000001
50.3664,-0.007163000000000001
50.4166,-0.007163000000000001
50.4669,-0.007165
50.5171,-0.0071660000000000005
50.5677,-0.007167000000000001
50.6177,-0.0071660000000000005
50.6683,-0.0071660000000000005
50.7186,-0.007167000000000001
50.7684,-0.007167000000000001
50.8191,-0.007168000000000001
50.8696,-0.007167000000000001
50.9196,-0.0071660000000000005
50.9699,-0.007165
51.0205,-0.007165
51.0707,-0.007165
51.1204,-0.007165
51.1708,-0.007165
51.2210,-0.007165
51.2714,-0.007165
51.3217,-0.007165
51.3719,-0.007165
51.4223,-0.007165
51.4726,-0.007164
51.5228,-0.007165
51.5730,-0.0071660000000000005
51.6232,-0.0071660000000000005
51.6734,-0.007165
51.7238,-0.0071660000000000005
51.7744,-0.0071660000000000005
51.8243,-0.0071660000000000005
51.8748,-0.007165
51.9249,-0.007165
51.9752,-0.007164
52.0255,-0.007164
52.0763,-0.007164
52.1260,-0.0071660000000000005
52.1767,-0.0071660000000000005
52.2266,-0.0071660000000000005
52.2768,-0.0071660000000000005
52.3276,-0.0071660000000000005
52.3777,-0.007165
52.4281,-0.007165
52.4781,-0.007165
52.5283,-0.007165
52.5789,-0.007163000000000001
52.6289,-0.007164
52.6792,-0.007165
52.7293,-0.007167000000000001
52.7798,-0.007167000000000001
52.8301,-0.0071660000000000005
52.8803,-0.0071660000000000005
52.9307,-0.0071660000000000005
52.9813,-0.007167000000000001
53.0314,-0.0071660000000000005
53.0817,-0.0071660000000000005
53.1316,-0.007165
53.1818,-0.007164
53.2326,-0.007164
53.2824,-0.0071660000000000005
53.3328,-0.0071660000000000005
53.3832,-0.007167000000000001
53.4334,-0.007168000000000001
53.4836,-0.0071660000000000005
53.5340,-0.007164
53.5842,-0.007164
53.6349,-0.007165
53.6858,-0.007165
53.7349,-0.007167000000000001
53.7853,-0.007167000000000001
53.8356,-0.007167000000000001
53.8858,-0.007168000000000001
53.9366,-0.007167000000000001
53.9866,-0.0071660000000000005
54.0366,-0.0071660000000000005
54.0871,-0.007167000000000001
54.1373,-0.007167000000000001
54.1877,-0.0071660000000000005
54.2380,-0.007165
54.2881,-0.007164
54.3386,-0.007165
54.3887,-0.0071660000000000005
54.4391,-0.007167000000000001
54.4893,-0.0071660000000000005
54.5396,-0.0071660000000000005
54.5900,-0.0071660000000000005
54.6402,-0.007165
54.6903,-0.007165
54.7406,-0.007165
54.7908,-0.007164
54.8413,-0.007164
54.8915,-0.007164
54.9419,-0.007164
54.9922,-0.007164
55.0425,-0.007164
55.0929,-0.007163000000000001
55.1431,-0.007164
55.1934,-0.007164
55.2437,-0.007164
55.2940,-0.007163000000000001
55.3439,-0.007163000000000001
55.3943,-0.007164
55.4445,-0.0071660000000000005
55.4949,-0.0071660000000000005
55.5451,-0.0071660000000000005
55.5954,-0.0071660000000000005
55.6456,-0.0071660000000000005
55.6960,-0.0071660000000000005
55.7462,-0.0071660000000000005
55.7964,-0.0071660000000000005
55.8468,-0.0071660000000000005
55.8974,-0.007165
55.9474,-0.007165
55.9976,-0.0071660000000000005
56.0480,-0.007167000000000001
56.0986,-0.007167000000000001
56.1485,-0.007167000000000001
56.1988,-0.0071660000000000005
56.2491,-0.007167000000000001
56.2995,-0.0071660000000000005
56.3496,-0.007165
56.3999,-0.007165
56.4501,-0.0071660000000000005
56.5004,-0.0071660000000000005
56.5506,-0.007165
56.6014,-0.0071660000000000005
56.6513,-0.007165
56.7020,-0.007164
56.7518,-0.007165
56.8023,-0.007165
56.8524,-0.007164
56.9027,-0.007164
56.9530,-0.007163000000000001
57.0034,-0.007163000000000001
57.0534,-0.007164
57.1037,-0.007164
57.1539,-0.0071660000000000005
57.2045,-0.007167000000000001
57.2546,-0.0071660000000000005
57.3050,-0.0071660000000000005
57.3553,-0.0071660000000000005
57.4055,-0.007165
57.4558,-0.007165
57.5059,-0.007164
57.5563,-0.007163000000000001
57.6066,-0.007163000000000001
57.6568,-0.007163000000000001
57.7071,-0.007163000000000001
57.7575,-0.007162000000000001
57.8080,-0.007162000000000001
57.8579,-0.007163000000000001
57.9082,-0.007163000000000001
57.9585,-0.007164
58.0087,-0.007164
58.0589,-0.007165
58.1095,-0.0071660000000000005
58.1598,-0.007167000000000001
58.2104,-0.007167000000000001
58.2603,-0.007168000000000001
58.3104,-0.007168000000000001
58.3607,-0.007167000000000001
58.4111,-0.007167000000000001
58.4616,-0.007167000000000001
58.5115,-0.007167000000000001
58.5621,-0.007167000000000001
58.6125,-0.007167000000000001
58.6628,-0.0071660000000000005
58.7131,-0.007167000000000001
58.7629,-0.007168000000000001
58.8136,-0.007167000000000001
58.8635,-0.0071660000000000005
58.9138,-0.0071660000000000005
58.9640,-0.0071660000000000005
59.0145,-0.0071660000000000005
59.0649,-0.007165
59.1149,-0.007165
59.1652,-0.007164
59.2159,-0.007164
59.2657,-0.007165
59.3160,-0.007167000000000001
59.3663,-0.007167000000000001
59.4167,-0.007167000000000001
59.4670,-0.007167000000000001
59.5180,-0.007167000000000001
59.5677,-0.007167000000000001
59.6183,-0.007168000000000001
59.6684,-0.007169000000000001
59.7186,-0.007169000000000001
59.7687,-0.007168000000000001
59.8188,-0.007167000000000001
59.8691,-0.007167000000000001
59.9193,-0.007167000000000001
59.9698,-0.007165
60.0200,-0.007164