0.0007,-0.007165
0.0010,-0.007165
0.0012,-0.007165
0.0015,-0.007165
0.0020,-0.007165
0.0035,-0.007165
0.0039,-0.007165
0.0042,-0.007164
0.0045,-0.007164
0.0047,-0.007165
0.0050,-0.007165
0.0052,-0.007165
0.0055,-0.007165
0.0058,-0.007165
0.0060,-0.007165
0.0063,-0.0071660000000000005
0.0065,-0.007165
0.0068,-0.007165
0.0070,-0.007165
0.0073,-0.007165
0.0224,-0.007165
0.0229,-0.007165
0.0233,-0.007165
0.0235,-0.007165
0.0238,-0.007165
0.0240,-0.007165
0.0243,-0.007165
0.0246,-0.007165
0.0249,-0.007165
0.0251,-0.0071660000000000005
0.0254,-0.007165
0.0257,-0.007165
0.0261,-0.007165
0.0266,-0.007165
0.0269,-0.007165
0.0273,-0.007165
0.0275,-0.007165
0.0278,-0.007165
0.0280,-0.007165
0.0282,-0.007165
0.0529,-0.007165
0.1031,-0.0071660000000000005
0.1533,-0.007165
0.2036,-0.007165
0.2537,-0.007165
0.3041,-0.007165
0.3542,-0.007165
0.4045,-0.007165
0.4549,-0.007165
0.5052,-0.007165
0.5556,-0.007165
0.6058,-0.007165
0.6561,-0.007164
0.7063,-0.007165
0.7567,-0.0071660000000000005
0.8067,-0.0071660000000000005
0.8571,-0.0071660000000000005
0.9075,-0.007165
0.9577,-0.007165
1.0080,-0.007165
1.0583,-0.007165
1.1084,-0.007165
1.1587,-0.0071660000000000005
1.2090,-0.0071660000000000005
1.2591,-0.0071660000000000005
1.3096,-0.0071660000000000005
1.3597,-0.007165
1.4100,-0.0071660000000000005
1.4605,-0.0071660000000000005
1.5110,-0.0071660000000000005
1.5609,-0.0071660000000000005
1.6113,-0.0071660000000000005
1.6616,-0.0071660000000000005
1.7119,-0.0071660000000000005
1.7624,-0.0071660000000000005
1.8127,-0.0071660000000000005
1.8626,-0.0071660000000000005
1.9132,-0.0071660000000000005
1.9631,-0.007165
2.0134,-0.007165
2.0637,-0.007165
2.1140,-0.0071660000000000005
2.1643,-0.0071660000000000005
2.2146,-0.0071660000000000005
2.2651,-0.0071660000000000005
2.3151,-0.0071660000000000005
2.3654,-0.0071660000000000005
2.4160,-0.0071660000000000005
2.4661,-0.0071660000000000005
2.5166,-0.0071660000000000005
2.5666,-0.007165
2.6168,-0.007165
2.6671,-0.0071660000000000005
2.7173,-0.0071660000000000005
2.7677,-0.0071660000000000005
2.8180,-0.0071660000000000005
2.8684,-0.0071660000000000005
2.9186,-0.0071660000000000005
2.9687,-0.0071660000000000005
3.0190,-0.0071660000000000005
3.0694,-0.0071660000000000005
3.1197,-0.0071660000000000005
3.1700,-0.0071660000000000005
3.2204,-0.0071660000000000005
3.2704,-0.0071660000000000005
3.3208,-0.0071660000000000005
3.3712,-0.0071660000000000005
3.4213,-0.0071660000000000005
3.4716,-0.0071660000000000005
3.5220,-0.0071660000000000005
3.5720,-0.0071660000000000005
3.6223,-0.0071660000000000005
3.6726,-0.0071660000000000005
3.7232,-0.0071660000000000005
3.7733,-0.007167000000000001
3.8234,-0.0071660000000000005
3.8741,-0.0071660000000000005
3.9240,-0.0071660000000000005
3.9742,-0.007167000000000001
4.0250,-0.007167000000000001
4.0749,-0.0071660000000000005
4.1251,-0.0071660000000000005
4.1754,-0.0071660000000000005
4.2257,-0.0071660000000000005
4.2760,-0.0071660000000000005
4.3263,-0.0071660000000000005
4.3765,-0.0071660000000000005
4.4267,-0.0071660000000000005
4.4775,-0.007167000000000001
4.5278,-0.007167000000000001
4.5777,-0.0071660000000000005
4.6283,-0.0071660000000000005
4.6787,-0.0071660000000000005
4.7289,-0.0071660000000000005
4.7788,-0.0071660000000000005
4.8293,-0.0071660000000000005
4.8794,-0.0071660000000000005
4.9300,-0.0071660000000000005
4.9803,-0.0071660000000000005
5.0303,-0.0071660000000000005
5.0808,-0.0071660000000000005
5.1308,-0.007167000000000001
5.1814,-0.007167000000000001
5.2317,-0.0071660000000000005
5.2820,-0.0071660000000000005
5.3318,-0.0071660000000000005
5.3825,-0.0071660000000000005
5.4324,-0.007167000000000001
5.4831,-0.007167000000000001
5.5330,-0.007167000000000001
5.5836,-0.0071660000000000005
5.6342,-0.0071660000000000005
5.6845,-0.007167000000000001
5.7345,-0.007167000000000001
5.7849,-0.0071660000000000005
5.8352,-0.0071660000000000005
5.8850,-0.0071660000000000005
5.9354,-0.007167000000000001
5.9857,-0.007167000000000001
6.0359,-0.0071660000000000005
6.0862,-0.0071660000000000005
6.1365,-0.007167000000000001
6.1867,-0.007167000000000001
6.2369,-0.007167000000000001
6.2871,-0.0071660000000000005
6.3375,-0.007167000000000001
6.3877,-0.007167000000000001
6.4379,-0.007167000000000001
6.4883,-0.007167000000000001
6.5386,-0.0071660000000000005
6.5889,-0.0071660000000000005
6.6392,-0.0071660000000000005
6.6895,-0.0071660000000000005
6.7397,-0.0071660000000000005
6.7900,-0.0071660000000000005
6.8405,-0.007167000000000001
6.8906,-0.007167000000000001
6.9408,-0.007167000000000001
6.9913,-0.007167000000000001
7.0417,-0.007167000000000001
7.0917,-0.007167000000000001
7.1420,-0.007167000000000001
7.1923,-0.007167000000000001
7.2424,-0.007167000000000001
7.2932,-0.007167000000000001
7.3430,-0.007167000000000001
7.3937,-0.007167000000000001
7.4440,-0.007167000000000001
7.4938,-0.007167000000000001
7.5441,-0.007167000000000001
7.5948,-0.007167000000000001
7.6447,-0.007167000000000001
7.6950,-0.007167000000000001
7.7453,-0.007167000000000001
7.7956,-0.007167000000000001
7.8462,-0.007167000000000001
7.8961,-0.007167000000000001
7.9463,-0.007167000000000001
7.9967,-0.007167000000000001
8.0469,-0.007167000000000001
8.0972,-0.007167000000000001
8.1476,-0.007167000000000001
8.1979,-0.007167000000000001
8.2485,-0.007167000000000001
8.2983,-0.007167000000000001
8.3487,-0.007167000000000001
8.3989,-0.007167000000000001
8.4493,-0.0071660000000000005
8.4994,-0.0071660000000000005
8.5498,-0.007167000000000001
8.6002,-0.007167000000000001
8.6508,-0.007167000000000001
8.7008,-0.007167000000000001
8.7510,-0.007167000000000001
8.8014,-0.007167000000000001
8.8516,-0.007167000000000001
8.9018,-0.007167000000000001
8.9520,-0.007167000000000001
9.0024,-0.007167000000000001
9.0527,-0.007167000000000001
9.1030,-0.007167000000000001
9.1533,-0.007167000000000001
9.2033,-0.0071660000000000005
9.2539,-0.0071660000000000005
9.3040,-0.007167000000000001
9.3542,-0.007167000000000001
9.4047,-0.007167000000000001
9.4548,-0.007167000000000001
9.5051,-0.007167000000000001
9.5554,-0.007167000000000001
9.6057,-0.007167000000000001
9.6563,-0.007167000000000001
9.7065,-0.007167000000000001
9.7568,-0.007167000000000001
9.8067,-0.007167000000000001
9.8571,-0.007167000000000001
9.9074,-0.007167000000000001
9.9578,-0.007167000000000001
10.0080,-0.007167000000000001
10.0583,-0.007167000000000001
10.1084,-0.007167000000000001
10.1588,-0.007167000000000001
10.2090,-0.007167000000000001
10.2594,-0.007167000000000001
10.3096,-0.007167000000000001
10.3599,-0.007167000000000001
10.4102,-0.007167000000000001
10.4603,-0.007167000000000001
10.5107,-0.007168000000000001
10.5610,-0.007168000000000001
10.6117,-0.007168000000000001
10.6616,-0.007167000000000001
10.7122,-0.007167000000000001
10.7620,-0.007167000000000001
10.8127,-0.007167000000000001
10.8627,-0.007167000000000001
10.9128,-0.007168000000000001
10.9636,-0.007167000000000001
11.0138,-0.007167000000000001
11.0641,-0.0071660000000000005
11.1144,-0.0071660000000000005
11.1644,-0.007167000000000001
11.2146,-0.007168000000000001
11.2648,-0.007168000000000001
11.3151,-0.007168000000000001
11.3655,-0.007167000000000001
11.4158,-0.007167000000000001
11.4661,-0.007167000000000001
11.5169,-0.007168000000000001
11.5667,-0.007168000000000001
11.6168,-0.007169000000000001
11.6672,-0.007168000000000001
11.7174,-0.007168000000000001
11.7677,-0.007167000000000001
11.8180,-0.007167000000000001
11.8682,-0.0071660000000000005
11.9186,-0.007167000000000001
11.9690,-0.007167000000000001
12.0193,-0.007168000000000001
12.0694,-0.007168000000000001
12.1197,-0.007168000000000001
12.1700,-0.007167000000000001
12.2204,-0.0071660000000000005
12.2706,-0.0071660000000000005
12.3208,-0.007167000000000001
12.3710,-0.007168000000000001
12.4216,-0.007168000000000001
12.4719,-0.007169000000000001
12.5222,-0.007168000000000001
12.5722,-0.007167000000000001
12.6224,-0.007167000000000001
12.6727,-0.007167000000000001
12.7230,-0.007167000000000001
12.7736,-0.007167000000000001
12.8236,-0.007167000000000001
12.8738,-0.007167000000000001
12.9241,-0.007167000000000001
12.9744,-0.007167000000000001
13.0250,-0.007167000000000001
13.0753,-0.007167000000000001
13.1251,-0.007168000000000001
13.1757,-0.007167000000000001
13.2260,-0.007167000000000001
13.2759,-0.007168000000000001
13.3262,-0.007168000000000001
13.3767,-0.007168000000000001
13.4268,-0.007167000000000001
13.4771,-0.007167000000000001
13.5274,-0.007168000000000001
13.5780,-0.007168000000000001
13.6284,-0.007168000000000001
13.6785,-0.007168000000000001
13.7286,-0.007167000000000001
13.7789,-0.007168000000000001
13.8291,-0.007168000000000001
13.8794,-0.007167000000000001
13.9297,-0.007167000000000001
13.9803,-0.007168000000000001
14.0301,-0.007168000000000001
14.0805,-0.007168000000000001
14.1308,-0.007168000000000001
14.1810,-0.007168000000000001
14.2313,-0.007168000000000001
14.2817,-0.007168000000000001
14.3321,-0.007168000000000001
14.3828,-0.007167000000000001
14.4325,-0.007167000000000001
14.4831,-0.007168000000000001
14.5340,-0.007168000000000001
14.5836,-0.007168000000000001
14.6336,-0.007168000000000001
14.6839,-0.007168000000000001
14.7342,-0.007168000000000001
14.7845,-0.007168000000000001
14.8347,-0.007168000000000001
14.8852,-0.007168000000000001
14.9352,-0.007167000000000001
14.9856,-0.007167000000000001
15.0358,-0.007168000000000001
15.0863,-0.007168000000000001
15.1364,-0.007168000000000001
15.1867,-0.007167000000000001
15.2369,-0.007167000000000001
15.2875,-0.007167000000000001
15.3378,-0.007167000000000001
15.3881,-0.007167000000000001
15.4381,-0.007167000000000001
15.4884,-0.007168000000000001
15.5386,-0.007168000000000001
15.5889,-0.007168000000000001
15.6392,-0.007168000000000001
15.6896,-0.007168000000000001
15.7398,-0.007168000000000001
15.7900,-0.007168000000000001
15.8402,-0.007168000000000001
15.8907,-0.007168000000000001
15.9412,-0.007168000000000001
15.9912,-0.007168000000000001
16.0417,-0.007168000000000001
16.0921,-0.007168000000000001
16.1423,-0.007167000000000001
16.1922,-0.007167000000000001
16.2426,-0.007168000000000001
16.2931,-0.007168000000000001
16.3432,-0.007168000000000001
16.3938,-0.007168000000000001
16.4437,-0.007168000000000001
16.4943,-0.007168000000000001
16.5442,-0.007168000000000001
16.5944,-0.007168000000000001
16.6447,-0.007168000000000001
16.6950,-0.007169000000000001
16.7456,-0.007169000000000001
16.7957,-0.007168000000000001
16.8460,-0.007168000000000001
16.8964,-0.007168000000000001
16.9466,-0.007168000000000001
16.9968,-0.007168000000000001
17.0469,-0.007168000000000001
17.0972,-0.007168000000000001
17.1475,-0.007169000000000001
17.1978,-0.007169000000000001
17.2482,-0.007169000000000001
17.2983,-0.007168000000000001
17.3492,-0.007168000000000001
17.3991,-0.007168000000000001
17.4495,-0.007168000000000001
17.4999,-0.007168000000000001
17.5498,-0.007168000000000001
17.6000,-0.007168000000000001
17.6503,-0.007168000000000001
17.7008,-0.007167000000000001
17.7509,-0.007168000000000001
17.8013,-0.007168000000000001
17.8516,-0.007168000000000001
17.9017,-0.007168000000000001
17.9522,-0.007168000000000001
18.0026,-0.007168000000000001
18.0528,-0.007168000000000001
18.1031,-0.007168000000000001
18.1535,-0.007168000000000001
18.2035,-0.007168000000000001
18.2537,-0.007168000000000001
18.3042,-0.007168000000000001
18.3545,-0.007169000000000001
18.4048,-0.007168000000000001
18.4552,-0.007168000000000001
18.5051,-0.007168000000000001
18.5552,-0.007168000000000001
18.6056,-0.007168000000000001
18.6559,-0.007168000000000001
18.7063,-0.007168000000000001
18.7565,-0.007168000000000001
18.8068,-0.007168000000000001
18.8574,-0.007168000000000001
18.9079,-0.007168000000000001
18.9576,-0.007168000000000001
19.0080,-0.007168000000000001
19.0581,-0.007168000000000001
19.1085,-0.007168000000000001
19.1587,-0.007168000000000001
19.2090,-0.007168000000000001
19.2599,-0.007168000000000001
19.3100,-0.007168000000000001
19.3603,-0.007168000000000001
19.4101,-0.007168000000000001
19.4604,-0.007168000000000001
19.5109,-0.007168000000000001
19.5616,-0.007168000000000001
19.6116,-0.007169000000000001
19.6615,-0.007169000000000001
19.7118,-0.007169000000000001
19.7621,-0.007168000000000001
19.8122,-0.007168000000000001
19.8629,-0.007168000000000001
19.9129,-0.007168000000000001
19.9636,-0.007169000000000001
20.0134,-0.007169000000000001
20.0643,-0.007168000000000001
20.1149,-0.007168000000000001
20.1648,-0.007168000000000001
20.2147,-0.007168000000000001
20.2656,-0.007168000000000001
20.3152,-0.007168000000000001
20.3658,-0.007168000000000001
20.4160,-0.007168000000000001
20.4663,-0.007168000000000001
20.5164,-0.007168000000000001
20.5667,-0.007168000000000001
20.6168,-0.007168000000000001
20.6671,-0.007169000000000001
20.7173,-0.007168000000000001
20.7678,-0.007168000000000001
20.8180,-0.007168000000000001
20.8683,-0.007168000000000001
20.9187,-0.007168000000000001
20.9689,-0.007168000000000001
21.0191,-0.007168000000000001
21.0693,-0.007169000000000001
21.1195,-0.007169000000000001
21.1699,-0.007169000000000001
21.2201,-0.007169000000000001
21.2703,-0.007168000000000001
21.3207,-0.007168000000000001
21.3710,-0.007168000000000001
21.4212,-0.007169000000000001
21.4715,-0.007169000000000001
21.5219,-0.007168000000000001
21.5720,-0.007168000000000001
21.6224,-0.007168000000000001
21.6726,-0.007169000000000001
21.7229,-0.007169000000000001
21.7732,-0.007169000000000001
21.8234,-0.007169000000000001
21.8737,-0.007169000000000001
21.9240,-0.007169000000000001
21.9743,-0.007169000000000001
22.0246,-0.007168000000000001
22.0753,-0.007168000000000001
22.1254,-0.007168000000000001
22.1754,-0.007169000000000001
22.2261,-0.007169000000000001
22.2759,-0.007169000000000001
22.3265,-0.007169000000000001
22.3766,-0.007168000000000001
22.4272,-0.007168000000000001
22.4772,-0.007168000000000001
22.5278,-0.007168000000000001
22.5781,-0.007168000000000001
22.6279,-0.007169000000000001
22.6782,-0.007169000000000001
22.7285,-0.007169000000000001
22.7789,-0.007169000000000001
22.8295,-0.007168000000000001
22.8799,-0.007168000000000001
22.9296,-0.007169000000000001
22.9799,-0.007168000000000001
23.0305,-0.007168000000000001
23.0805,-0.007168000000000001
23.1308,-0.007169000000000001
23.1813,-0.007169000000000001
23.2314,-0.007169000000000001
23.2817,-0.007169000000000001
23.3318,-0.007168000000000001
23.3821,-0.007168000000000001
23.4326,-0.007168000000000001
23.4828,-0.007168000000000001
23.5330,-0.007168000000000001
23.5832,-0.007168000000000001
23.6338,-0.007168000000000001
23.6839,-0.007168000000000001
23.7341,-0.007168000000000001
23.7844,-0.007168000000000001
23.8347,-0.007169000000000001
23.8849,-0.007169000000000001
23.9352,-0.007169000000000001
23.9854,-0.007169000000000001
24.0356,-0.007169000000000001
24.0859,-0.007169000000000001
24.1362,-0.007169000000000001
24.1865,-0.007169000000000001
24.2368,-0.007169000000000001
24.2871,-0.007169000000000001
24.3374,-0.007169000000000001
24.3877,-0.007169000000000001
24.4380,-0.007169000000000001
24.4886,-0.007169000000000001
24.5387,-0.007169000000000001
24.5887,-0.007169000000000001
24.6390,-0.007169000000000001
24.6895,-0.007169000000000001
24.7398,-0.007169000000000001
24.7902,-0.007169000000000001
24.8406,-0.007169000000000001
24.8906,-0.007168000000000001
24.9413,-0.007168000000000001
24.9914,-0.007168000000000001
25.0413,-0.007169000000000001
25.0916,-0.007169000000000001
25.1422,-0.007169000000000001
25.1925,-0.007168000000000001
25.2425,-0.007168000000000001
25.2928,-0.007169000000000001
25.3433,-0.007169000000000001
25.3932,-0.007169000000000001
25.4438,-0.007169000000000001
25.4942,-0.007169000000000001
25.5441,-0.007169000000000001
25.5944,-0.007169000000000001
25.6447,-0.007169000000000001
25.6953,-0.007169000000000001
25.7453,-0.007169000000000001
25.7956,-0.007169000000000001
25.8458,-0.007169000000000001
25.8968,-0.007169000000000001
25.9465,-0.007169000000000001
25.9974,-0.007169000000000001
26.0471,-0.007169000000000001
26.0975,-0.007169000000000001
26.1475,-0.007169000000000001
26.1978,-0.007168000000000001
26.2482,-0.007168000000000001
26.2984,-0.007169000000000001
26.3485,-0.007169000000000001
26.3988,-0.007169000000000001
26.4493,-0.007169000000000001
26.4996,-0.007169000000000001
26.5498,-0.007169000000000001
26.6001,-0.007169000000000001
26.6502,-0.007169000000000001
26.7008,-0.007169000000000001
26.7510,-0.007169000000000001
26.8012,-0.007168000000000001
26.8515,-0.007169000000000001
26.9016,-0.007169000000000001
26.9519,-0.007169000000000001
27.0021,-0.007169000000000001
27.0525,-0.007169000000000001
27.1030,-0.007169000000000001
27.1534,-0.007169000000000001
27.2038,-0.007169000000000001
27.2535,-0.007169000000000001
27.3039,-0.007169000000000001
27.3542,-0.007169000000000001
27.4044,-0.007169000000000001
27.4547,-0.007169000000000001
27.5049,-0.007169000000000001
27.5553,-0.007169000000000001
27.6056,-0.007169000000000001
27.6559,-0.007169000000000001
27.7061,-0.007169000000000001
27.7564,-0.007169000000000001
27.8070,-0.007169000000000001
27.8573,-0.007169000000000001
27.9072,-0.007169000000000001
27.9575,-0.007169000000000001
28.0077,-0.007169000000000001
28.0581,-0.007169000000000001
28.1083,-0.007169000000000001
28.1586,-0.007168000000000001
28.2089,-0.007169000000000001
28.2591,-0.007169000000000001
28.3099,-0.007169000000000001
28.3598,-0.007168000000000001
28.4101,-0.007169000000000001
28.4603,-0.007169000000000001
28.5106,-0.007168000000000001
28.5612,-0.007168000000000001
28.6112,-0.007169000000000001
28.6617,-0.007169000000000001
28.7121,-0.007169000000000001
28.7626,-0.007169000000000001
28.8125,-0.007169000000000001
28.8628,-0.007169000000000001
28.9132,-0.007169000000000001
28.9634,-0.007169000000000001
29.0136,-0.007169000000000001
29.0637,-0.007169000000000001
29.1139,-0.007169000000000001
29.1644,-0.007169000000000001
29.2147,-0.007169000000000001
29.2647,-0.007169000000000001
29.3150,-0.007169000000000001
29.3653,-0.007169000000000001
29.4157,-0.007169000000000001
29.4658,-0.007169000000000001
29.5161,-0.007169000000000001
29.5665,-0.007169000000000001
29.6167,-0.00717
29.6669,-0.007169000000000001
29.7176,-0.007169000000000001
29.7680,-0.007169000000000001
29.8182,-0.007169000000000001
29.8685,-0.007169000000000001
29.9184,-0.007169000000000001
29.9691,-0.007169000000000001
30.0194,-0.007169000000000001
30.0693,-0.007169000000000001
30.1201,-0.007169000000000001
30.1698,-0.007169000000000001
30.2202,-0.007169000000000001
30.2704,-0.007169000000000001
30.3211,-0.007169000000000001
30.3710,-0.007169000000000001
30.4216,-0.007169000000000001
30.4719,-0.007169000000000001
30.5219,-0.007169000000000001
30.5724,-0.007169000000000001
30.6227,-0.007169000000000001
30.6730,-0.007168000000000001
30.7228,-0.007169000000000001
30.7732,-0.007169000000000001
30.8237,-0.007169000000000001
30.8741,-0.007169000000000001
30.9240,-0.007169000000000001
30.9743,-0.007169000000000001
31.0245,-0.007169000000000001
31.0749,-0.007169000000000001
31.1252,-0.007169000000000001
31.1753,-0.007169000000000001
31.2260,-0.007169000000000001
31.2759,-0.007169000000000001
31.3262,-0.007169000000000001
31.3769,-0.007169000000000001
31.4271,-0.007169000000000001
31.4771,-0.007169000000000001
31.5275,-0.007169000000000001
31.5776,-0.007169000000000001
31.6280,-0.007169000000000001
31.6786,-0.007169000000000001
31.7289,-0.007169000000000001
31.7791,-0.007169000000000001
31.8295,-0.007169000000000001
31.8795,-0.007169000000000001
31.9299,-0.007169000000000001
31.9801,-0.007169000000000001
32.0303,-0.007169000000000001
32.0805,-0.007169000000000001
32.1307,-0.007169000000000001
32.1809,-0.007169000000000001
32.2313,-0.00717
32.2816,-0.00717
32.3318,-0.007169000000000001
32.3821,-0.007169000000000001
32.4323,-0.007169000000000001
32.4826,-0.007169000000000001
32.5331,-0.007169000000000001
32.5834,-0.007169000000000001
32.6336,-0.007169000000000001
32.6837,-0.007169000000000001
32.7343,-0.007169000000000001
32.7844,-0.007169000000000001
32.8350,-0.007169000000000001
32.8852,-0.007169000000000001
32.9356,-0.007169000000000001
32.9858,-0.007169000000000001
33.0359,-0.007169000000000001
33.0861,-0.007169000000000001
33.1364,-0.007169000000000001
33.1871,-0.007169000000000001
33.2370,-0.007169000000000001
33.2871,-0.007169000000000001
33.3378,-0.007169000000000001
33.3878,-0.007168000000000001
33.4381,-0.007169000000000001
33.4883,-0.007169000000000001
33.5386,-0.007169000000000001
33.5892,-0.007169000000000001
33.6390,-0.007169000000000001
33.6894,-0.007169000000000001
33.7398,-0.007169000000000001
33.7900,-0.007169000000000001
33.8402,-0.007169000000000001
33.8905,-0.00717
33.9412,-0.007169000000000001
33.9914,-0.007169000000000001
34.0414,-0.007169000000000001
34.0917,-0.007169000000000001
34.1423,-0.007169000000000001
34.1923,-0.00717
34.2428,-0.00717
34.2927,-0.00717
34.3431,-0.00717
34.3933,-0.00717
34.4438,-0.00717
34.4940,-0.007169000000000001
34.5443,-0.007169000000000001
34.5944,-0.007169000000000001
34.6447,-0.007169000000000001
34.6957,-0.00717
34.7454,-0.00717
34.7957,-0.007169000000000001
34.8459,-0.007169000000000001
34.8961,-0.007169000000000001
34.9464,-0.00717
34.9966,-0.007169000000000001
35.0471,-0.007169000000000001
35.0974,-0.007169000000000001
35.1477,-0.007169000000000001
35.1979,-0.007169000000000001
35.2482,-0.007169000000000001
35.2983,-0.007169000000000001
35.3488,-0.007169000000000001
35.3993,-0.007169000000000001
35.4493,-0.007169000000000001
35.4994,-0.00717
35.5499,-0.00717
35.6003,-0.007169000000000001
35.6505,-0.007169000000000001
35.7005,-0.007169000000000001
35.7512,-0.007169000000000001
35.8016,-0.007169000000000001
35.8514,-0.007169000000000001
35.9021,-0.007169000000000001
35.9523,-0.007169000000000001
36.0026,-0.00717
36.0530,-0.007169000000000001
36.1029,-0.007169000000000001
36.1530,-0.007169000000000001
36.2037,-0.007169000000000001
36.2540,-0.007169000000000001
36.3040,-0.007169000000000001
36.3543,-0.007169000000000001
36.4049,-0.007169000000000001
36.4548,-0.007169000000000001
36.5051,-0.007169000000000001
36.5552,-0.007169000000000001
36.6057,-0.007169000000000001
36.6559,-0.007169000000000001
36.7063,-0.007169000000000001
36.7568,-0.007169000000000001
36.8068,-0.007169000000000001
36.8573,-0.007169000000000001
36.9073,-0.007169000000000001
36.9579,-0.007169000000000001
37.0082,-0.007169000000000001
37.0582,-0.007169000000000001
37.1089,-0.007169000000000001
37.1591,-0.00717
37.2089,-0.007169000000000001
37.2592,-0.007169000000000001
37.3095,-0.00717
37.3598,-0.00717
37.4100,-0.007169000000000001
37.4607,-0.007169000000000001
37.5111,-0.00717
37.5613,-0.00717
37.6115,-0.00717
37.6616,-0.00717
37.7117,-0.00717
37.7619,-0.007169000000000001
37.8124,-0.007169000000000001
37.8626,-0.007169000000000001
37.9129,-0.007169000000000001
37.9632,-0.007169000000000001
38.0137,-0.007169000000000001
38.0638,-0.007169000000000001
38.1142,-0.007169000000000001
38.1644,-0.007169000000000001
38.2144,-0.007169000000000001
38.2648,-0.007169000000000001
38.3150,-0.007169000000000001
38.3654,-0.007169000000000001
38.4159,-0.007169000000000001
38.4662,-0.007169000000000001
38.5162,-0.007169000000000001
38.5668,-0.007169000000000001
38.6168,-0.007169000000000001
38.6671,-0.007169000000000001
38.7178,-0.007169000000000001
38.7681,-0.007169000000000001
38.8182,-0.007169000000000001
38.8681,-0.007169000000000001
38.9184,-0.00717
38.9689,-0.00717
39.0190,-0.007169000000000001
39.0695,-0.007169000000000001
39.1197,-0.007169000000000001
39.1699,-0.007169000000000001
39.2201,-0.00717
39.2704,-0.00717
39.3206,-0.00717
39.3714,-0.007169000000000001
39.4216,-0.007169000000000001
39.4719,-0.007169000000000001
39.5223,-0.007169000000000001
39.5724,-0.007169000000000001
39.6224,-0.007169000000000001
39.6731,-0.007169000000000001
39.7233,-0.007169000000000001
39.7733,-0.007169000000000001
39.8238,-0.007169000000000001
39.8737,-0.007169000000000001
39.9241,-0.00717
39.9742,-0.007169000000000001
40.0246,-0.007169000000000001
40.0749,-0.00717
40.1251,-0.00717
40.1755,-0.00717
40.2258,-0.007169000000000001
40.2763,-0.00717
40.3262,-0.00717
40.3766,-0.00717
40.4275,-0.00717
40.4777,-0.00717
40.5276,-0.00717
40.5778,-0.007169000000000001
40.6281,-0.00717
40.6784,-0.007169000000000001
40.7287,-0.00717
40.7789,-0.00717
40.8291,-0.00717
40.8794,-0.00717
40.9296,-0.00717
40.9798,-0.00717
41.0303,-0.00717
41.0806,-0.007169000000000001
41.1307,-0.007169000000000001
41.1809,-0.007169000000000001
41.2314,-0.007169000000000001
41.2816,-0.00717
41.3320,-0.00717
41.3820,-0.007169000000000001
41.4326,-0.007169000000000001
41.4831,-0.007169000000000001
41.5330,-0.007169000000000001
41.5833,-0.007169000000000001
41.6338,-0.007169000000000001
41.6840,-0.007169000000000001
41.7344,-0.007169000000000001
41.7847,-0.007169000000000001
41.8349,-0.007169000000000001
41.8850,-0.007169000000000001
41.9353,-0.007169000000000001
41.9855,-0.007169000000000001
42.0357,-0.00717
42.0861,-0.007169000000000001
42.1367,-0.007169000000000001
42.1866,-0.007169000000000001
42.2369,-0.007169000000000001
42.2875,-0.007169000000000001
42.3373,-0.007169000000000001
42.3876,-0.007169000000000001
42.4380,-0.007169000000000001
42.4882,-0.00717
42.5386,-0.00717
42.5891,-0.007169000000000001
42.6392,-0.007169000000000001
42.6894,-0.007169000000000001
42.7397,-0.007169000000000001
42.7899,-0.007169000000000001
42.8401,-0.007169000000000001
42.8905,-0.00717
42.9407,-0.00717
42.9914,-0.007169000000000001
43.0418,-0.007169000000000001
43.0919,-0.007169000000000001
43.1420,-0.007169000000000001
43.1921,-0.007169000000000001
43.2432,-0.007169000000000001
43.2930,-0.007169000000000001
43.3433,-0.007169000000000001
43.3935,-0.007169000000000001
43.4438,-0.007169000000000001
43.4939,-0.007169000000000001
43.5442,-0.007169000000000001
43.5944,-0.007169000000000001
43.6448,-0.007169000000000001
43.6949,-0.007169000000000001
43.7452,-0.00717
43.7957,-0.00717
43.8457,-0.00717
43.8960,-0.007169000000000001
43.9462,-0.007169000000000001
43.9968,-0.007169000000000001
44.0469,-0.007169000000000001
44.0971,-0.007169000000000001
44.1477,-0.007169000000000001
44.1977,-0.007169000000000001
44.2484,-0.007169000000000001
44.2988,-0.007169000000000001
44.3485,-0.007169000000000001
44.3988,-0.007169000000000001
44.4492,-0.00717
44.4993,-0.00717
44.5497,-0.007169000000000001
44.6000,-0.007169000000000001
44.6502,-0.00717
44.7008,-0.00717
44.7508,-0.007169000000000001
44.8014,-0.007169000000000001
44.8517,-0.007169000000000001
44.9018,-0.007169000000000001
44.9523,-0.00717
45.0023,-0.007169000000000001
45.0526,-0.007169000000000001
45.1028,-0.007169000000000001
45.1534,-0.007169000000000001
45.2039,-0.007169000000000001
45.2535,-0.007169000000000001
45.3039,-0.007169000000000001
45.3541,-0.00717
45.4044,-0.007169000000000001
45.4547,-0.007169000000000001
45.5049,-0.00717
45.5553,-0.00717
45.6055,-0.007169000000000001
45.6561,-0.007169000000000001
45.7061,-0.007169000000000001
45.7564,-0.007169000000000001
45.8071,-0.00717
45.8577,-0.00717
45.9072,-0.00717
45.9575,-0.00717
46.0082,-0.007169000000000001
46.0580,-0.007169000000000001
46.1086,-0.007169000000000001
46.1586,-0.00717
46.2095,-0.00717
46.2596,-0.007169000000000001
46.3099,-0.007169000000000001
46.3597,-0.007169000000000001
46.4100,-0.00717
46.4605,-0.00717
46.5106,-0.00717
46.5608,-0.00717
46.6111,-0.00717
46.6614,-0.007169000000000001
46.7118,-0.007169000000000001
46.7621,-0.00717
46.8124,-0.00717
46.8627,-0.007169000000000001
46.9127,-0.00717
46.9634,-0.00717
47.0133,-0.00717
47.0637,-0.00717
47.1139,-0.00717
47.1642,-0.007169000000000001
47.2144,-0.007169000000000001
47.2648,-0.007169000000000001
47.3150,-0.00717
47.3652,-0.00717
47.4156,-0.007169000000000001
47.4659,-0.007169000000000001
47.5161,-0.00717
47.5664,-0.00717
47.6166,-0.00717
47.6669,-0.00717
47.7171,-0.00717
47.7676,-0.00717
47.8180,-0.00717
47.8681,-0.00717
47.9184,-0.00717
47.9691,-0.007169000000000001
48.0193,-0.00717
48.0692,-0.00717
48.1194,-0.007169000000000001
48.1697,-0.00717
48.2200,-0.00717
48.2704,-0.00717
48.3209,-0.00717
48.3708,-0.00717
48.4211,-0.007169000000000001
48.4715,-0.007169000000000001
48.5220,-0.007169000000000001
48.5724,-0.007169000000000001
48.6227,-0.007169000000000001
48.6729,-0.00717
48.7229,-0.007169000000000001
48.7731,-0.007169000000000001
48.8233,-0.007169000000000001
48.8736,-0.00717
48.9238,-0.00717
48.9743,-0.00717
49.0247,-0.00717
49.0749,-0.007169000000000001
49.1255,-0.007169000000000001
49.1753,-0.00717
49.2258,-0.00717
49.2761,-0.00717
49.3263,-0.007169000000000001
49.3765,-0.007169000000000001
49.4268,-0.007169000000000001
49.4770,-0.007169000000000001
49.5274,-0.007169000000000001
49.5775,-0.007169000000000001
49.6280,-0.007169000000000001
49.6783,-0.007169000000000001
49.7287,-0.007169000000000001
49.7786,-0.007169000000000001
49.8289,-0.007169000000000001
49.8792,-0.00717
49.9297,-0.00717
49.9802,-0.00717
50.0301,-0.00717
50.0803,-0.00717
50.1306,-0.00717
50.1808,-0.00717
50.2314,-0.007169000000000001
50.2817,-0.007169000000000001
50.3320,-0.00717
50.3821,-0.00717
50.4326,-0.00717
50.4829,-0.00717
50.5328,-0.00717
50.5835,-0.00717
50.6333,-0.00717
50.6836,-0.00717
50.7339,-0.00717
50.7843,-0.00717
50.8346,-0.00717
50.8847,-0.00717
50.9351,-0.00717
50.9853,-0.00717
51.0360,-0.007169000000000001
51.0863,-0.007169000000000001
51.1366,-0.007169000000000001
51.1869,-0.007169000000000001
51.2371,-0.007169000000000001
51.2871,-0.00717
51.3376,-0.00717
51.3875,-0.00717
51.4378,-0.00717
51.4882,-0.007169000000000001
51.5385,-0.00717
51.5887,-0.00717
51.6393,-0.00717
51.6893,-0.007169000000000001
51.7397,-0.007169000000000001
51.7897,-0.00717
51.8401,-0.00717
51.8904,-0.00717
51.9409,-0.00717
51.9912,-0.00717
52.0417,-0.00717
52.0917,-0.007169000000000001
52.1417,-0.00717
52.1920,-0.00717
52.2425,-0.007169000000000001
52.2928,-0.007169000000000001
52.3428,-0.00717
52.3932,-0.00717
52.4436,-0.007169000000000001
52.4937,-0.00717
52.5441,-0.00717
52.5943,-0.00717
52.6446,-0.00717
52.6950,-0.00717
52.7452,-0.00717
52.7953,-0.00717
52.8456,-0.007171
52.8961,-0.00717
52.9466,-0.00717
52.9965,-0.00717
53.0471,-0.00717
53.0970,-0.00717
53.1472,-0.00717
53.1976,-0.00717
53.2478,-0.00717
53.2986,-0.00717
53.3485,-0.00717
53.3987,-0.00717
53.4491,-0.00717
53.4993,-0.00717
53.5496,-0.00717
53.5998,-0.00717
53.6502,-0.00717
53.7007,-0.00717
53.7507,-0.00717
53.8010,-0.00717
53.8513,-0.00717
53.9016,-0.007169000000000001
53.9522,-0.007169000000000001
54.0021,-0.007169000000000001
54.0525,-0.00717
54.1027,-0.00717
54.1529,-0.00717
54.2035,-0.00717
54.2536,-0.00717
54.3039,-0.00717
54.3545,-0.00717
54.4042,-0.00717
54.4550,-0.00717
54.5050,-0.00717
54.5551,-0.00717
54.6054,-0.00717
54.6557,-0.00717
54.7064,-0.00717
54.7569,-0.00717
54.8075,-0.00717
54.8568,-0.00717
54.9076,-0.00717
54.9575,-0.00717
55.0077,-0.00717
55.0581,-0.007169000000000001
55.1084,-0.007169000000000001
55.1585,-0.007169000000000001
55.2088,-0.00717
55.2591,-0.00717
55.3094,-0.00717
55.3597,-0.007169000000000001
55.4098,-0.007169000000000001
55.4603,-0.00717
55.5108,-0.00717
55.5606,-0.00717
55.6109,-0.00717
55.6616,-0.007169000000000001
55.7117,-0.007169000000000001
55.7622,-0.00717
55.8124,-0.00717
55.8625,-0.00717
55.9126,-0.00717
55.9629,-0.00717
56.0132,-0.00717
56.0636,-0.00717
56.1138,-0.00717
56.1641,-0.00717
56.2144,-0.00717
56.2649,-0.00717
56.3149,-0.00717
56.3656,-0.00717
56.4155,-0.00717
56.4658,-0.00717
56.5164,-0.00717
56.5664,-0.00717
56.6170,-0.007169000000000001
56.6670,-0.007169000000000001
56.7173,-0.00717
56.7675,-0.00717
56.8181,-0.00717
56.8685,-0.00717
56.9184,-0.007169000000000001
56.9686,-0.00717
57.0189,-0.00717
57.0696,-0.00717
57.1196,-0.00717
57.1697,-0.00717
57.2199,-0.00717
57.2706,-0.00717
57.3209,-0.00717
57.3709,-0.00717
57.4210,-0.00717
57.4717,-0.007169000000000001
57.5220,-0.007169000000000001
57.5718,-0.007169000000000001
57.6223,-0.00717
57.6724,-0.00717
57.7228,-0.007171
57.7734,-0.007171
57.8240,-0.007171
57.8738,-0.00717
57.9240,-0.00717
57.9744,-0.00717
58.0244,-0.00717
58.0747,-0.00717
58.1250,-0.007169000000000001
58.1752,-0.007169000000000001
58.2257,-0.00717
58.2760,-0.00717
58.3263,-0.00717
58.3765,-0.00717
58.4269,-0.00717
58.4771,-0.00717
58.5272,-0.00717
58.5775,-0.007169000000000001
58.6279,-0.007169000000000001
58.6784,-0.00717
58.7286,-0.00717
58.7792,-0.00717
58.8293,-0.00717
58.8792,-0.00717
58.9295,-0.00717
58.9799,-0.007169000000000001
59.0305,-0.007169000000000001
59.0807,-0.007169000000000001
59.1311,-0.007169000000000001
59.1809,-0.00717
59.2315,-0.00717
59.2818,-0.00717
59.3316,-0.00717
59.3820,-0.00717
59.4324,-0.00717
59.4829,-0.00717
59.5329,-0.00717
59.5831,-0.00717
59.6334,-0.00717
59.6840,-0.00717
59.7342,-0.00717
59.7843,-0.00717
59.8346,-0.007169000000000001
59.8848,-0.007169000000000001
59.9350,-0.00717
59.9854,-0.00717
60.0360,-0.007169000000000001